0.108587056398
0.11289652437
0.0918540880084
0.0959843471646
0.063076429069
0.0414703786373
0.032989192754
0.0300245285034
0.0393141768873
0.0255337432027
0.0524335205555
0.0154103524983
0.00908713042736
0.048027664423
0.0284245088696
0.0350447669625
0.0125362267718
0.00594336120412
0.00832550413907
0.0127374762669
0.0385461337864
0.024674301967
0.0133258411661
0.0134316012263
0.0136062735692
0.0192736331373
0.0232327766716
0.0178800150752
0.00844931602478
0.0165446102619
0.0415646284819
0.0324478782713
0.0370989367366
0.0143955918029
0.0204117018729
0.0452820546925
0.0581495314837
0.0461493134499
0.0387280322611
0.0468615368009
0.0376198105514
0.0297184847295
0.0305437464267
0.0262592434883
0.019571390003
0.0232819039375
0.0665281265974
0.0124158151448
0.0202166568488
0.0448363013566
0.0212206374854
0.0142275746912
0.0382919237018
0.0370462946594
0.0298087056726
0.0285796802491
0.0849104002118
0.0463986992836
0.0282872207463
0.0371626727283
0.0445211268961
0.0248021185398
0.0976225584745
0.0397767797112
0.0433184951544
0.0633932650089
0.0744801536202
0.04259005934
0.0414052382112
0.065836392343
0.0458045043051
0.0842530280352
0.025321405381
0.0414472445846
0.0164089277387
0.0816346257925
0.0488871969283
0.0558864586055
0.0884746238589
0.057772256434
0.0773725956678
0.0640423372388
0.0473056025803
0.0423352457583
0.0848262161016
0.0283255688846
0.0382979921997
0.117448315024
0.0219302941114
0.0294411499053
0.0564649403095
0.0519045591354
0.0366630740464
0.0748297199607
0.0257673542947
0.0593634024262
0.0263083949685
0.0195358507335
0.0532093942165
0.0631723478436
0.0135788833722
0.007117329631
0.0193008109927
0.013966653496
0.0269579850137
0.0603828169405
0.0359226278961
0.0686265304685
0.0444192700088
0.0360108539462
0.0261637680233
0.0358420610428
0.0645639821887
0.0263809934258
0.0332782678306
0.0393408797681
0.0202054474503
0.016025878489
0.0765376612544
0.0272904969752
0.0133235352114
0.0270948447287
0.0578447207808
0.0496301576495
0.0332026146352
0.0183640439063
0.0417011864483
0.0283967424184
0.0414509549737
0.0993106067181
0.0222527571023
0.0210398361087
0.0133090959862
0.0333044454455
0.00958418380469
0.0179743506014
0.0155856404454
0.0474829114974
0.019629785791
0.0208098534495
0.0371619798243
0.0541681237519
0.042477786541
0.0280830841511
0.0181827712804
0.0612406134605
0.0262365415692
0.0200632754713
0.0145435705781
0.0198738705367
0.0404755063355
0.0169290155172
0.0292188953608
0.0290671847761
0.0100197093561
0.0202481132001
0.0149528766051
0.0228661689907
0.0173873528838
0.0324209555984
0.0398051328957
0.0728820264339
0.12872210145
0.0245766974986
0.00612331693992
0.0534229055047
0.0304233059287
0.0406730659306
0.0311392191797
0.0968453660607
0.00990369170904
0.0174079909921
0.0473876297474
0.17330878973
0.0745269060135
0.0476135723293
0.0333626456559
0.0375386402011
0.0107563314959
0.0291347317398
0.0593319609761
0.0240497905761
0.0908291563392
0.0146779753268
0.0254201740026
0.0475264526904
0.024426985532
0.138764441013
0.0356585644186
0.0751483663917
0.0500668920577
0.0342531725764
0.163987591863
0.0167890358716
0.0150352111086
0.0134213799611
0.0571176670492
0.0442315042019
0.0431085303426
0.0280777532607
0.11372628808
0.0380236878991
0.033454362303
0.098905429244
0.00685926433653
0.0506807155907
0.0382723212242
0.0634931027889
0.134092897177
0.0182940196246
0.12194223702
0.0479930453002
0.0154321044683
0.0785939767957
0.131616726518
0.0899143889546
0.031038435176
0.0394513495266
0.104716919363
0.0184263400733
0.00308612850495
0.037159036845
0.0471525900066
0.063371412456
0.0638509094715
0.0133809847757
0.0452186278999
0.065621688962
0.0946852862835
0.0231133066118
0.0161985401064
0.0631935670972
0.0774974673986
0.0215194057673
0.02305274643
0.0327314771712
0.0623747594655
0.0686030685902
0.0597934015095
0.0680576786399
0.0242013335228
0.037668723613
0.0352803580463
0.0903470218182
0.0287897922099
0.00793581083417
0.0352894999087
0.0310528166592
0.0716298893094
0.0325115807354
0.0390966646373
0.0756719484925
0.0622887797654
0.0441338382661
0.0236121620983
0.0722430348396
0.13137601316
0.0259339530021
0.021423202008
0.0463322736323
0.0184156633914
0.101498223841
0.0717136263847
0.0261278096586
0.0391297638416
0.186154872179
0.0183569937944
0.0920895636082
0.0419038049877
0.0742941945791
0.0619400776923
0.0369934849441
0.0556471832097
0.0161475837231
0.100774511695
0.0215575285256
0.0623384825885
0.0784511268139
0.0579293482006
0.0271425209939
0.0294317565858
0.0244306419045
0.118644244969
0.0340126901865
0.0294413119555
0.0457869842649
0.0333042033017
0.101635783911
0.0472553186119
0.0675843283534
0.0154455415905
0.0702616199851
0.0190093480051
0.0849721357226
0.0435665920377
0.0634364634752
0.0253253784031
0.0150237148628
0.027613542974
0.028094464913
0.0199081059545
0.0407121032476
0.0628354847431
0.0687972977757
0.0149609148502
0.0432776398957
0.0413144342601
0.0150760617107
0.081722676754
0.046626470983
0.0154311722144
0.0205987524241
0.0170743763447
0.0247890371829
0.0939197912812
0.0181348007172
0.0484206192195
0.0248212330043
0.0567669570446
0.068777911365
0.0285004656762
0.0158288627863
0.0502296313643
0.0197199359536
0.0155628640205
0.0589978583157
0.0514913909137
0.0250480044633
0.0564054436982
0.0554835349321
0.0349200293422
0.0307345557958
0.0418288223445
0.0293269455433
0.0491514876485
0.0953562259674
0.0748844146729
0.0493381284177
0.0791668370366
0.0473939031363
0.024236464873
0.0203550923616
0.0284829009324
0.0126750031486
0.0577500984073
0.049881439656
0.0512188263237
0.0406964235008
0.025986449793
0.0348075926304
0.0675717890263
0.0761715695262
0.0170197561383
0.0192105025053
0.0527319125831
0.0171453803778
0.0225215163082
0.0358003638685
0.0398921184242
0.0665444880724
0.0266378838569
0.0465768240392
0.081486068666
0.028624502942
0.0275058541447
0.0193959642202
0.0122541133314
0.0174604784697
0.0302361603826
0.0315386578441
0.045165553689
0.0310197416693
0.020202210173
0.0424876473844
0.0387256257236
0.0395904481411
0.0266946498305
0.0173569340259
0.0099871121347
0.0963757187128
0.0436394996941
0.0648052990437
0.0304743461311
0.0453955642879
0.0213724859059
0.0230970811099
0.0582220293581
0.0359186157584
0.0383106395602
0.0100597478449
0.0298661962152
0.0410860963166
0.0805394351482
0.0648366585374
0.0138420443982
0.0298980623484
0.0232279542834
0.0168573595583
0.045578405261
0.0301163978875
0.0900823995471
0.144697606564
0.0357549414039
0.0308496244252
0.0448141917586
0.061753295362
0.0465902350843
0.0583305843174
0.063211210072
0.0222491621971
0.0336147509515
0.0343032665551
0.0372045151889
0.0799113884568
0.0770201981068
0.061359718442
0.0230728946626
0.00672868732363
0.0300823003054
0.0285366605967
0.0777541100979
0.0402996428311
0.0526528954506
0.0200226400048
0.103374034166
0.0296169128269
0.0265438556671
0.0112121663988
0.0632099732757
0.0306937787682
0.0323364920914
0.0271344073117
0.0227545164526
0.0554932765663
0.0216751433909
0.0481027029455
0.0385554619133
0.0396203510463
0.0394346341491
0.0449071824551
0.0276742763817
0.0386353768408
0.0487627163529
0.0533311441541
0.0109901167452
0.0117114000022
0.0604069568217
0.0399755835533
0.0913446396589
0.0362488925457
0.0532935112715
0.0239255633205
0.0233731605113
0.0316919013858
0.0442191585898
0.106151938438
0.0724364817142
0.0209826175123
0.0324872732162
0.057720720768
0.0624618455768
0.051922339946
0.0315581187606
0.0457536503673
0.0459428317845
0.0267921425402
0.0578810460865
0.0136319054291
0.0434543639421
0.0141126057133
0.0442368984222
0.0206015408039
0.160316064954
0.0220148228109
0.0221781041473
0.012734384276
0.0251269191504
0.0316680893302
0.0217807814479
0.0460574254394
0.00973020214587
0.0503670163453
0.0223919656128
0.0248723439872
0.0260327663273
0.103757485747
0.090246245265
0.0461374744773
0.0427017100155
0.0243930276483
0.0192997083068
0.030672127381
0.077104344964
0.00654977606609
0.0522424131632
0.0120227951556
0.039549831301
0.0275335535407
0.039505828172
0.0221786294132
0.0329627431929
0.050088301301
0.063236348331
0.0263929925859
0.0643582120538
0.0252946410328
0.0297109112144
0.0413854159415
0.0284367296845
0.0328534580767
0.0132654625922
0.0238540340215
0.0222368352115
0.0275336168706
0.0324992015958
0.0275303050876
0.0140063297004
0.0419709384441
0.0325465165079
0.0255966652185
0.0514848567545
0.0444796867669
0.00445219315588
0.0313333310187
0.00851461384445
0.0376681052148
0.040625333786
0.0528698898852
0.0325188711286
0.0201192703098
0.0453461967409
0.0412010625005
0.0349640101194
0.0135312750936
0.0697240382433
0.0529363900423
0.0559940189123
0.0150045873597
0.0580069646239
0.0120793227106
0.0296477433294
0.0333581753075
0.040017452091
0.0512093305588
0.0678270831704
0.042808458209
0.0381665416062
0.0165479201823
0.0402866341174
0.0714547410607
0.0780157223344
0.0266868080944
0.051157195121
0.0559540651739
0.01242505759
0.0153728174046
0.054833766073
0.0534270629287
0.022207999602
0.0503806099296
0.0172171220183
0.0374057739973
0.0497771911323
0.141112402081
0.0263601858169
0.0950916036963
0.0454129092395
0.0583433993161
0.0600930303335
0.0256998427212
0.0315590277314
0.0383667983115
0.0315616093576
0.0241754166782
0.0248395167291
0.0225995928049
0.018378989771
0.0200248491019
0.0301614329219
0.0515336208045
0.0418525598943
0.0635974928737
0.0231102425605
0.0183244142681
0.0488652996719
0.0266512408853
0.0270923636854
0.0383693575859
0.0263309981674
0.0323276370764
0.0451712459326
0.0288716368377
0.033022031188
0.038170684129
0.0340459831059
0.0518517158926
0.0225240271538
0.0367939174175
0.0164449512959
0.0214178673923
0.0224722903222
0.0148346200585
0.0151973636821
0.0136951804161
0.0427426546812
0.0131875257939
0.0294686593115
0.0242992602289
0.0459184162319
0.0265941936523
0.0266045331955
0.0253926329315
0.0723705515265
0.0370748713613
0.0462360195816
0.0222166702151
0.0376965850592
0.0146513981745
0.0288285836577
0.0207733530551
0.0216918159276
0.0138205196708
0.0243171099573
0.0571206733584
0.0436225309968
0.0162579864264
0.0340120568871
0.0528470799327
0.0226889904588
0.0375192798674
0.041363928467
0.0270159095526
0.0811601057649
0.0670908764005
0.0656898394227
0.00852666608989
0.0121785458177
0.0322625786066
0.077257797122
0.0184509512037
0.0545802228153
0.0280708149076
0.0485889241099
0.0183486733586
0.0801224112511
0.0393718369305
0.0390878096223
0.0348651520908
0.0271267443895
0.0469120442867
0.0251055266708
0.04007807374
0.0454367548227
0.0257043614984
0.0689349547029
0.0158220417798
0.0334192588925
0.00987796485424
0.00721630547196
0.0304694566876
0.0396650061011
0.0195857845247
0.0145091516897
0.0456879027188
0.0118964472786
0.0519331581891
0.0181268099695
0.0449282042682
0.00664036674425
0.0735765621066
0.020554671064
0.0271340962499
0.0324483662844
0.0377838723361
0.0268200710416
0.047851588577
0.0301830545068
0.0347649529576
0.038528740406
0.0588118284941
0.0448441430926
0.0269156303257
0.0556367971003
0.0211642812937
0.0150728942826
0.0156527794898
0.0200827866793
0.0254852585495
0.031398113817
0.0218365769833
0.0262189488858
0.0148925660178
0.0403109416366
0.0644561424851
0.0361491702497
0.0289155617356
0.0288054086268
0.0144225805998
0.0632511898875
0.0256873629987
0.0721717104316
0.023430975154
0.0715809985995
0.0243498254567
0.0461287200451
0.0906006321311
0.0426334738731
0.0123622808605
0.112680032849
0.0254824813455
0.0719551816583
0.0456783920527
0.0498861931264
0.0463198535144
0.0483413599432
0.0238689035177
0.0223221406341
0.0240787640214
0.0264949444681
0.0450945980847
0.0273359976709
0.0336347296834
0.00723237358034
0.0089762089774
0.0219835769385
0.0481153018773
0.0255842078477
0.0197104625404
0.0236736293882
0.0133496206254
0.0646556690335
0.0143429031596
0.0112682739273
0.054358240217
0.133927002549
0.0198538862169
0.073643155396
0.0138320736587
0.00730630289763
0.0510148778558
0.0197352599353
0.0160610079765
0.0450097694993
0.0531895235181
0.0397211611271
0.0558473616838
0.0563138090074
0.0278077404946
0.0366232953966
0.0357824526727
0.0461778342724
0.00566421495751
0.00983403343707
0.0249177310616
0.0439094081521
0.01723700203
0.0584223605692
0.0205697212368
0.0372921265662
0.0382225774229
0.0357953608036
0.0246749091893
0.0256865601987
0.0438174195588
0.0518024787307
0.020629838109
0.0106522003189
0.0309875179082
0.0425773449242
0.135284423828
0.0576827190816
0.0129449665546
0.0350315459073
0.0284782238305
0.0321240723133
0.0228932090104
0.0424945279956
0.0791551396251
0.0261628180742
0.0200504362583
0.0277200751007
0.0478332191706
0.0488672181964
0.0531414337456
0.0193327832967
0.0051902406849
0.0229809414595
0.0205315724015
0.0512019097805
0.07284514606
0.0786334574223
0.096240721643
0.0276640355587
0.0329990535975
0.0157999917865
0.0153739266098
0.0115390429273
0.037626080215
0.118365906179
0.096438549459
0.0357112064958
0.0283014625311
0.00386161729693
0.0131021225825
0.0116871781647
0.0127382194623
0.0176015384495
0.017505409196
0.0144737493247
0.0509915053844
0.0302557758987
0.0327961742878
0.0543362647295
0.0357489697635
0.0261706486344
0.0196428056806
0.0231918506324
0.0423057898879
0.0181433707476
0.0282407701015
0.0298310797662
0.0146752139553
0.0437603406608
0.0570305064321
0.0052563813515
0.0271247550845
0.0200704876333
0.0214575175196
0.0109189925715
0.0129259666428
0.0547960959375
0.0248436499387
0.0178233031183
0.00739675294608
0.083795927465
0.0225884001702
0.0616014376283
0.0222798790783
0.0337404571474
0.00842821598053
0.0136237563565
0.0599999316037
0.0463286489248
0.0228367429227
0.0185130797327
0.0287008751184
0.0369303040206
0.0327294170856
0.057476926595
0.041989531368
0.0463414825499
0.0154478047043
0.0327003486454
0.0214661061764
0.0233796965331
0.0215829629451
0.0551417544484
0.0439515933394
0.0319104902446
0.0745588690042
0.0285772960633
0.0441657491028
0.0234945043921
0.0487547926605
0.00617954460904
0.0701905936003
0.0759545266628
0.0539726503193
0.011915454641
0.0262910686433
0.0175574999303
0.0276827868074
0.0529530793428
0.015272825025
0.0118510238826
0.0627149865031
0.0505103208125
0.0270603876561
0.0224574040622
0.0107486136258
0.0241798087955
0.0304076801986
0.0452392473817
0.0776655673981
0.0407145507634
0.0191569607705
0.0190383158624
0.0792510360479
0.0377014130354
0.0308043211699
0.0177781619132
0.020346371457
0.049845635891
0.0838980078697
0.0133124170825
0.0403450913727
0.0481217056513
0.0197907555848
0.0394333191216
0.0552024953067
0.00579335168004
0.00856625009328
0.0294324476272
0.0491671264172
0.0115428725258
0.0688853934407
0.020314021036
0.0382106229663
0.0192748457193
0.0487768650055
0.0345298536122
0.018829965964
0.0219117961824
0.0293392427266
0.151836112142
0.0431175418198
0.0255004912615
0.0456791520119
0.0766411647201
0.13612818718
0.0278507340699
0.0364261381328
0.0466751046479
0.0623572543263
0.0218398217112
0.0136748841032
0.0202983729541
0.00999361183494
0.0217080991715
0.0288976486772
0.0661983415484
0.026161968708
0.0334631130099
0.0428695678711
0.035216934979
0.0474439077079
0.0276518948376
0.0417062230408
0.017676834017
0.0132653852925
0.0431465171278
0.0625086352229
0.0467618182302
0.0289088636637
0.0197528451681
0.0356713533401
0.0210847817361
0.0342106930912
0.0292012728751
0.0688366666436
0.0498120561242
0.0137504795566
0.0484251566231
0.0346535183489
0.0221796464175
0.0220318641514
0.0173696558923
0.134089037776
0.0197453349829
0.0477576181293
0.0461143217981
0.0168915241957
0.041865568608
0.0239171776921
0.043924793601
0.0417515262961
0.0438487492502
0.0464400798082
0.023728813976
0.043469723314
0.0454415008426
0.0151490531862
0.0319987908006
0.0194483660161
0.05549884215
0.101979054511
0.0126314973459
0.0248986985534
0.0174776408821
0.0179324690253
0.0309126768261
0.0119634186849
0.0326867736876
0.102889455855
0.0253696385771
0.0940041616559
0.0508581921458
0.042310655117
0.0151188634336
0.0260005928576
0.0536512210965
0.00874868407845
0.0677784532309
0.0319631844759
0.141440033913
0.00733881723136
0.060252673924
0.0367728099227
0.0125341583043
0.0285919066519
0.12089894712
0.023220250383
0.0128354225308
0.0151857547462
0.038792680949
0.0163152944297
0.0471082963049
0.0366498343647
0.0152561953291
0.0213981047273
0.0201475713402
0.0225955620408
0.04394813627
0.0506690740585
0.00821519363672
0.0375911034644
0.0385895855725
0.0217390134931
0.0149614959955
0.00939643662423
0.0327217429876
0.0181533098221
0.0227670203894
0.0254504028708
0.0373841747642
0.0132098458707
0.0476706810296
0.00763482833281
0.0404167994857
0.00738062197343
0.0512395910919
0.0245405174792
0.00569170014933
0.0458978004754
0.0158757697791
0.0153355216607
0.0299615841359
0.031294465065
0.0140014654025
0.033054780215
0.0273281317204
0.0331047289073
0.0340588949621
0.0266758427024
0.0129791814834
0.05677658692
0.0246914923191
0.0141887161881
0.0156475901604
0.0602596476674
0.0352965444326
0.0239491742104
0.0355520807207
0.0196200441569
0.0147997317836
0.0870680063963
0.0126450108364
0.0648890063167
0.0356974899769
0.0283718518913
0.0644207671285
0.0303330458701
0.0417193546891
0.0246904287487
0.0588092580438
0.0592086352408
0.0867976099253
0.0273514147848
0.0325235314667
0.0117992199957
0.049617934972
0.0117713119835
0.0245106201619
0.022142149508
0.0317692123353
0.0256145708263
0.00729494262487
0.017167666927
0.0346936322749
0.0583034344018
0.0335837826133
0.0148073630407
0.0448084920645
0.0391851589084
0.0083427708596
0.00781966652721
0.042036306113
0.0295661184937
0.0140180466697
0.040177360177
0.0323628671467
0.0299851670861
0.0105585483834
0.00692699383944
0.00903263967484
0.0182770751417
0.0152357043698
0.032521199435
0.0271851103753
0.0243425611407
0.0298139806837
0.0236488971859
0.0174422897398
0.0230788905174
0.0295273661613
0.0210206564516
0.0764478296041
0.0410700254142
0.0590843334794
0.0339068062603
0.0133962715045
0.0181569475681
0.0240096375346
0.0862619504333
0.0422671623528
0.0197201129049
0.023272652179
0.0391043238342
0.0222468618304
0.0288497172296
0.108818866313
0.0270470008254
0.0299297925085
0.058446969837
0.0255730599165
0.0159189011902
0.0445913262665
0.0478652492166
0.0475825704634
0.0237592440099
0.0183924008161
0.0195025671273
0.00637769792229
0.028822414577
0.0350797250867
0.0383828431368
0.00984275154769
0.0219333469868
0.0448258891702
0.0505996719003
0.155231103301
0.0163702573627
0.0163350887597
0.0404232479632
0.039599083364
0.0426331795752
0.0177583172917
0.00365801504813
0.0164367556572
0.0246359352022
0.0360902659595
0.0253841858357
0.0231228470802
0.0203781854361
0.0223355181515
0.0275808796287
0.052315864712
0.0459000617266
0.0247194878757
0.0290707163513
0.0420850478113
0.0378356203437
0.0364285185933
0.0334631353617
0.0249689742923
0.00840695481747
0.0426274426281
0.0241255927831
0.0477484837174
0.0523007549345
0.0362519845366
0.0592365600169
0.0339448563755
0.0370000340044
0.019448408857
0.0204936284572
0.127873152494
0.0315079577267
0.0278202928603
0.0379100702703
0.0424602143466
0.0699108913541
0.0262979194522
0.0450025573373
0.0375566519797
0.0819893032312
0.0404754541814
0.0250760372728
0.0732773020864
0.0349669978023
0.0226947125047
0.102516971529
0.0166942831129
0.0136686395854
0.0651026591659
0.0378882139921
0.0378666110337
0.00367174344137
0.0658216550946
0.0105458088219
0.00982710160315
0.0317306816578
0.0238888002932
0.049447145313
0.0261232107878
0.0291034746915
0.0290446467698
0.0192300379276
0.0194482263178
0.01267067343
0.0258894450963
0.0351360961795
0.0217265635729
0.0402408279479
0.0577897876501
0.0280008688569
0.0320290513337
0.045929223299
0.0121709248051
0.00711053237319
0.04846605286
0.0467498041689
0.0305739957839
0.0290639344603
0.04279146716
0.0514151342213
0.0282492302358
0.0426755286753
0.0181315746158
0.0158443488181
0.0820416137576
0.0466253906488
0.0187681559473
0.0850472077727
0.016165966168
0.0460005514324
0.0251934956759
0.023566974327
0.0762172713876
0.0166602712125
0.0155162857845
0.105239808559
0.0315508544445
0.0332068689167
0.0423238947988
0.0737769454718
0.0385007560253
0.0543189570308
0.0362640470266
0.0200010873377
0.0394488796592
0.00746949436143
0.0501346550882
0.0478739328682
0.0380796268582
0.0289662275463
0.016451086849
0.041385371238
0.0322062708437
0.0635525286198
0.0378153435886
0.0278902575374
0.0193896219134
0.0417036935687
0.0410058833659
0.00701900711283
0.0172403361648
0.0360965244472
0.0484879650176
0.0344246327877
0.00951716955751
0.0449998565018
0.0492095351219
0.0357038415968
0.0260707363486
0.0629459246993
0.0285902023315
0.0143484584987
0.0513406917453
0.00475578848273
0.0226091798395
0.0256671290845
0.0168880261481
0.0263936761767
0.0438421815634
0.0210704952478
0.0188824664801
0.0127119999379
0.0226938668638
0.0264294072986
0.0266225077212
0.0175383146852
0.0215398129076
0.0233211200684
0.0156101379544
0.0562117546797
0.0380427986383
0.048470992595
0.0163855161518
0.0345085225999
0.0323089845479
0.0349554680288
0.00925326813012
0.0340372286737
0.0872324854136
0.0380191653967
0.0279861167073
0.0106757441536
0.0441596060991
0.0292167346925
0.0249325502664
0.0597607828677
0.0186402294785
0.0188200157136
0.043457981199
0.0301238317043
0.0503756254911
0.0182390883565
0.0076731108129
0.0208916068077
0.0593293495476
0.0159620363265
0.0394446477294
0.0352846868336
0.025991814211
0.0298497490585
0.0136361336336
0.0134164895862
0.0533664524555
0.0426026247442
0.0386400781572
0.0234829969704
0.0409966595471
0.0274007823318
0.0278792455792
0.0316237211227
0.0323380157351
0.030136693269
0.0280729271472
0.0112841166556
0.0714556947351
0.0511462651193
0.0633354708552
0.0340875200927
0.0392995811999
0.047750107944
0.0590674802661
0.0282981377095
0.0207813065499
0.0181674789637
0.0398140996695
0.0362058617175
0.0149006815627
0.0402142293751
0.0393627472222
0.00734713952988
0.0110306963325
0.0101722925901
0.0336712673306
0.0214500483125
0.0186325386167
0.0527732595801
0.0248221997172
0.0186975914985
0.0335564166307
0.0392547771335
0.0177772529423
0.0196217037737
0.0129476198927
0.0203932914883
0.016356902197
0.0140043143183
0.0804146751761
0.0516066253185
0.0266325529665
0.0242002103478
0.0430081784725
0.00783216394484
0.0286562088877
0.0128484461457
0.0206082146615
0.0122625399381
0.0221297759563
0.0493511967361
0.0388529151678
0.00958490744233
0.0140860909596
0.0526297353208
0.0477646328509
0.0327396579087
0.0575073882937
0.0258084591478
0.0130785610527
0.0663011595607
0.0132532482967
0.0236365161836
0.0126684755087
0.0703155770898
0.0818229988217
0.0391448289156
0.0238830298185
0.0553700998425
0.00838197767735
0.0233821459115
0.0160440821201
0.0314702279866
0.0127370646223
0.0257642567158
0.026103483513
0.0335708037019
0.0288289859891
0.027591759339
0.0683628618717
0.0298414938152
0.0293557997793
0.032707054168
0.0248373877257
0.102457277477
0.0570271871984
0.0120410742238
0.06649633497
0.0289364419878
0.0476923808455
0.0437289513648
0.0156759042293
0.0505453534424
0.0379482805729
0.0193669181317
0.0210338793695
0.0136483199894
0.0121804978698
0.038557138294
0.0129115991294
0.0192786548287
0.06934799999
0.0359855443239
0.0316255055368
0.0157917439938
0.0618068687618
0.0172934029251
0.0390562489629
0.0305245202035
0.0172635484487
0.0254967622459
0.0250464025885
0.0538318641484
0.0292854383588
0.0448894612491
0.0133605822921
0.0339912213385
0.0358726121485
0.0176593828946
0.0236424598843
0.0115922838449
0.0281689986587
0.0412104763091
0.0200027599931
0.0285774879158
0.0753270462155
0.0394707545638
0.0273735225201
0.0126436157152
0.0469400621951
0.0542993582785
0.0722841843963
0.0464428588748
0.0319150425494
0.0199712458998
0.0417205616832
0.0210458859801
0.0277388133109
0.0133996549994
0.0096843643114
0.0764338076115
0.0742057859898
0.0493068695068
0.0429235436022
0.0143062081188
0.0574027970433
0.0142238717526
0.0254138112068
0.0464507527649
0.0456348434091
0.0747493356466
0.0109618864954
0.0281534399837
0.0340504422784
0.0270283725113
0.0238605253398
0.0451723113656
0.0221158005297
0.0320059135556
0.106757879257
0.0150160742924
0.0201768521219
0.0292649716139
0.0136623745784
0.0180900767446
0.0197127405554
0.0524968840182
0.0110492939129
0.0299214497209
0.0107637932524
0.0235772654414
0.104328870773
9.95792961121
0.0194849651307
0.0221800301224
0.0168100502342
0.023004392162
0.015353535302
0.0175427831709
0.016943667084
0.0100196152925
0.0436856150627
0.0198776591569
0.0430059209466
0.0180932991207
0.0124783078209
0.0768825188279
0.0115573182702
0.0242683552206
0.0228177141398
0.0492291636765
0.04489030689
0.0460943877697
0.0411963164806
0.0342159308493
0.00639126216993
0.0120763070881
0.0340521149337
0.0528525449336
0.052640479058
0.0222578998655
0.0285933259875
0.0521258674562
0.0450316891074
0.0853602290154
0.00812187325209
0.0337124615908
0.0368505343795
0.0320570096374
0.035118162632
0.0174295976758
0.01700380072
0.0154148107395
0.00893212202936
0.0468780845404
0.00143629137892
0.0384120605886
0.0297852084041
0.0658960491419
0.0457568466663
0.0234910342842
0.0586182996631
0.0822560638189
0.0339683070779
0.0148714846
0.137843355536
0.015374219045
0.0392155274749
0.0242437254637
0.014252346009
0.0579149499536
0.0393254756927
0.0143482331187
0.0470044054091
0.0153301255777
0.0332969389856
9.73288917542
0.0073355762288
0.00355005147867
0.023742204532
0.0256183017045
0.00926807057112
0.0149354962632
0.0286015626043
0.0519370175898
0.0179827231914
0.0305073354393
0.0201269146055
0.0821777135134
0.0462973788381
0.0536888539791
0.0346605665982
0.0518095940351
0.0282956808805
0.0187782924622
0.0750842988491
0.0447742044926
0.0638260096312
0.0104747219011
0.0211464259773
0.0538324825466
0.0308258719742
0.0331814922392
0.0289118289948
0.0454098694026
0.0152866048738
0.0622479952872
0.0141403311864
0.0186067875475
0.0267638619989
0.0458769053221
0.010228167288
0.0568264089525
0.0433298237622
0.0264123678207
0.0317217372358
0.0738180950284
0.0181343387812
0.0320913009346
0.0366236940026
0.0563035458326
0.0454313494265
0.0594274550676
0.0332828201354
0.0375553779304
0.0501640848815
0.0254006721079
0.0286764074117
0.0391057915986
0.0186262372881
0.142074272037
0.0123540963978
0.0208865571767
0.107373066247
0.0183135475963
0.024104071781
0.0431802980602
0.0187722016126
0.115283422172
0.0462173484266
0.0199251491576
0.0703210607171
0.0239256042987
0.0123162679374
0.0349546298385
0.0602166205645
0.0105372155085
0.023741979152
0.0167654249817
0.0574393235147
0.0460911616683
0.0356444120407
0.0243658423424
0.0230140183121
0.0295809172094
0.0263383444399
0.0287766363472
0.0462728142738
0.0183251984417
0.0220026522875
0.0178903192282
0.0163967702538
0.0225529093295
0.0402841381729
0.0115512972698
0.0527892895043
0.0364104434848
0.0550305172801
0.0298961699009
0.0165730509907
0.0304340831935
0.0367117337883
0.0854471623898
0.0413660556078
0.0255733132362
0.0188796874136
0.00733068026602
0.0519448556006
0.0243844166398
0.0301851537079
0.0186143815517
0.00820526946336
0.0217869970948
0.03446546942
0.0114748021588
0.0273950006813
0.0160320270807
0.0256398115307
0.0330853946507
0.030570037663
13.4865465164
0.0263917054981
0.0777219608426
0.0286481678486
0.0646200478077
0.0525980107486
0.032508444041
0.0802262350917
0.0497742667794
0.0255364794284
0.019406253472
0.0323046408594
0.0190873481333
0.0222490224987
0.0491653867066
0.0345919281244
0.0163949523121
0.0273108649999
0.0218575987965
0.0563713423908
0.0814270302653
0.0236924458295
0.0289787314832
0.0199616625905
0.0437201559544
0.0143534326926
0.0222792904824
0.0196836590767
0.01159207616
0.0116595765576
0.0402936302125
0.041450638324
0.0355094671249
0.0488609559834
0.0167849827558
0.0184160973877
0.0135134682059
0.0117907300591
0.0144871147349
0.0617701262236
0.064579449594
0.017933357507
0.0288807116449
0.00785012822598
0.0357413925231
0.00746312784031
0.0695023164153
0.0500897206366
0.0120762009174
0.00737927667797
0.0174261815846
0.017898844555
0.0296055004001
0.0201434083283
0.0642817765474
0.0416484102607
0.039748173207
0.0351556874812
0.0750428289175
0.0123428087682
0.0104324892163
0.0152567541227
0.0213875435293
0.153882026672
0.0456386692822
0.0997127145529
0.0159303303808
0.0146656250581
0.0425623431802
0.0324358679354
0.0126749230549
0.0182080212981
0.0223838742822
0.0452242791653
0.0580974146724
0.0410648658872
0.0111404480413
0.0510999150574
0.0966491922736
0.0936572626233
0.0144843943417
0.0600588023663
0.0310440436006
0.046781565994
0.0576147250831
0.0314407348633
0.0197736527771
0.0101516591385
0.0138257965446
0.0650110244751
0.0345096886158
0.0266902893782
0.0121502373368
0.0427909754217
0.0194799248129
0.0363865084946
0.0345566570759
0.068879365921
0.00759105710313
0.0996017828584
0.0477636381984
0.0525951497257
0.0119172809646
0.0277005247772
0.0310413651168
0.0498597659171
0.0162158254534
0.0327399335802
0.0383042395115
0.0291422437876
0.0327549986541
0.0530778802931
0.0105791278183
0.0117937400937
0.0274964906275
0.055817745626
0.0205991733819
0.0553433187306
0.0566627383232
0.0325270928442
0.00684874411672
0.0498656705022
0.0222263261676
0.0573578327894
0.0271740164608
0.0175596736372
0.0359359495342
0.0180829390883
0.0263995211571
0.0267190895975
0.0237386096269
0.016311539337
0.075108833611
0.0079777315259
8.45832443237
0.0296345781535
0.0252272151411
0.0419911406934
0.0125299692154
0.00922099780291
0.0302566438913
0.021050458774
0.0120417112485
0.0342150814831
0.0609129145741
0.0813771486282
0.0117298820987
0.0197427012026
0.0376796983182
0.0233331471682
0.0673694238067
0.0213218666613
0.0486189946532
0.0206951983273
0.0438166111708
0.0225550662726
0.0392980352044
0.0262696966529
0.0396876335144
0.0368863977492
0.0967606827617
0.0320825092494
0.0271749217063
0.0127983409911
0.0668930411339
0.0478772185743
0.0358433611691
0.0325456112623
0.0234802030027
0.0273097101599
0.0382364913821
0.0274040475488
0.0437101721764
0.0552322790027
0.0324620455503
0.0313647203147
0.0217351913452
0.0117228003219
0.0292151048779
0.0160873010755
0.0214430689812
0.0155797926709
0.0373276993632
0.0278326626867
0.0235040653497
0.0440724529326
0.0474915653467
0.039722327143
0.0196536164731
0.0203226432204
0.0217198040336
0.0437303334475
0.03314172104
0.0206036381423
0.106893368065
0.0301840119064
0.0253896005452
0.0539433136582
0.0113881547004
0.0268180668354
0.0115966703743
0.0249230843037
0.0166672226042
0.0292196441442
0.010627316311
0.0227160286158
0.0493329353631
0.0356955938041
0.0476488433778
0.0431822910905
0.0593903809786
0.00816282536834
0.0695273578167
0.0463963337243
0.0150541532785
0.0125036993995
0.0286605842412
0.0300033986568
0.0294506847858
0.0414653755724
0.0329775139689
0.0502644218504
0.0238371938467
0.0201144516468
0.035075660795
0.0795607194304
0.0514073446393
0.0415968820453
0.0181844234467
0.102335914969
0.0316191241145
0.00940944999456
0.0154061345384
0.0326171815395
0.0178119167686
0.0460401438177
0.0748895555735
0.0348582193255
0.0766786634922
0.0314833149314
0.013041889295
0.0240896027535
0.0217691492289
0.00789611134678
0.0289190784097
0.0260964781046
0.0700517967343
7.58785152435
0.0307790096849
0.0324888043106
0.0281039848924
0.0149708138779
0.0243718922138
0.0147565314546
0.00630013318732
0.0164594743401
0.0599424093962
0.0294771622866
0.0590224973857
0.10035173595
0.0525157749653
0.0320370644331
0.0333466343582
0.0235233530402
0.0225488189608
0.0181827023625
0.0682829171419
0.069087870419
0.0298804473132
0.034177351743
0.014116439037
0.0245834253728
0.0391012728214
0.0393465310335
0.00822832155973
0.0173582881689
0.0445413514972
0.056449752301
0.0672211050987
0.0121430130675
0.0163160264492
0.0422115884721
0.0440272316337
0.0146082127467
0.074728243053
0.0465721487999
0.0167462471873
0.013874463737
0.130220428109
0.0127035658807
0.0153934657574
0.07627633214
0.0454608015716
0.0361880213022
0.00387452845462
0.0158290956169
0.0391678214073
0.0624248273671
0.0682427585125
0.0483575202525
0.00626220507547
0.0156167354435
0.0166262667626
0.026030138135
0.0381660982966
0.0434106402099
0.034307025373
0.0390021204948
0.00814717449248
0.0218025557697
0.0168458316475
0.0670724287629
0.117099262774
0.0278769768775
0.011738428846
0.00988441333175
0.0262277368456
0.0166842490435
0.0202383510768
0.00780983362347
0.0272897388786
0.00514557212591
0.0499530285597
0.072833172977
0.0397246479988
0.0678498595953
0.0717794820666
0.0421851016581
0.0358644239604
0.038881380111
0.03387273103
0.0481963120401
0.0134385246783
0.0301520191133
0.0831150561571
0.02758047916
0.0179512854666
0.0158069394529
0.0196153707802
0.0244288593531
0.0163187682629
0.0368948876858
0.0230936463922
0.107387043536
0.0422561839223
0.0302917174995
0.0427425578237
0.0213751699775
0.0658350810409
0.0132503546774
0.0150352744386
0.018235700205
0.0379127599299
0.0280017778277
0.0376893430948
0.0275617316365
0.00900685228407
0.0358341448009
0.0265008471906
0.0287768580019
0.00782234407961
0.0188204757869
0.059526283294
0.0430700518191
0.0328267626464
0.0343651808798
0.031915307045
0.0220122914761
0.0536706261337
0.020010702312
0.0595940090716
0.0351642519236
0.022418178618
0.0371687039733
0.0585285611451
0.0481140725315
0.0397815741599
0.0901988968253
0.0508519746363
0.0262114852667
0.0135448630899
0.0249886196107
0.0672778114676
0.0175182018429
0.0433469675481
0.0229915566742
0.0114230122417
0.0208367519081
0.0644264295697
0.033419277519
0.0173384379596
0.0304979123175
0.0259828455746
0.00907766167074
0.035079844296
0.0191434919834
0.0421461947262
0.0235868599266
0.079607643187
0.0142370034009
0.0771058574319
0.0564343966544
0.0349963195622
0.0256458427757
0.0485761016607
0.0403176881373
0.0454744584858
0.00837434455752
0.0344264805317
0.0382289551198
10.3534603119
0.0256336629391
0.0221764035523
0.0405654907227
0.0102037293836
0.0155844641849
0.0176971312612
0.00832373462617
0.0227376725525
9.20274925232
0.0254795905203
0.0179885942489
0.0438241027296
0.0131106199697
0.0110656404868
0.0212625898421
0.104560129344
0.0241266861558
0.0319621562958
0.0631036609411
0.00719296606258
0.00806752406061
0.0126092536375
0.0677302479744
0.0577791705728
0.0184397883713
0.0657420158386
0.038544986397
0.0405308231711
0.0299329739064
0.0555406287313
0.00998388696462
0.0386553443968
0.0369667224586
0.0159947667271
0.0363623835146
0.0243067331612
0.0297742374241
0.0349450930953
0.0390428900719
0.0312679186463
0.0519365034997
0.0558751933277
0.0159632991999
0.0286575835198
0.0546281188726
0.029968265444
0.0334617048502
0.0154371680692
0.0357708819211
0.0573372133076
0.0273606460541
0.0254413969815
0.0540675483644
0.0173030588776
0.0333564542234
0.0897180959582
0.0490655228496
0.0576908253133
0.0144586488605
0.0311275571585
0.0256714839488
0.0502118133008
0.0181476101279
0.0404894016683
0.0153804393485
0.0366431511939
0.0489423163235
0.0958514213562
0.0251510515809
0.0778098925948
0.00996691547334
0.0289818625897
0.0187425129116
0.00630515767261
0.0164850186557
0.0174860991538
0.016824407503
0.0339598506689
0.0235647428781
0.0453247241676
0.0300208795816
0.0769012048841
0.0166137851775
0.00533428555354
0.0542819201946
0.0213622786105
0.0476515032351
0.0284282937646
0.0720816403627
0.049962490797
0.0350636839867
0.0570567920804
0.0368363559246
0.0369458347559
0.0468663014472
0.0336083173752
0.0366733111441
0.0201078783721
0.0469484105706
0.0176002364606
0.026773352176
0.071809232235
0.0612719133496
0.0282161682844
0.0268150679767
0.0221867412329
0.0145470611751
0.0273175630718
0.0522275492549
0.059408031404
0.0274069048464
0.0432640314102
0.0123787922785
0.0252182278782
0.0182220675051
0.020897898823
0.023333048448
0.0242981389165
0.0308594051749
0.0104780634865
0.0403770022094
0.00767449988052
0.0595903508365
0.0622826442122
0.0674721822143
0.0285822749138
0.0625122338533
0.0286525152624
0.0334044992924
0.0962408185005
0.0593963935971
0.0406379252672
0.0181581806391
0.0178223475814
0.0117218131199
0.023729622364
0.0208788383752
0.0221792012453
0.0299848690629
0.047066770494
0.0653955936432
0.0290335696191
0.0554274842143
0.0735685378313
0.037096850574
0.0144299250096
0.0373975932598
0.0195158887655
0.0195395555347
0.0322527773678
0.0868503376842
0.124474696815
0.094142138958
0.0351991392672
0.0490750446916
0.00967011600733
0.0302179008722
0.0137320840731
0.00860077608377
0.0312847904861
0.0384874418378
0.0300999712199
0.0335119888186
0.0362674258649
0.0308310724795
0.00933898240328
0.0195796806365
0.00745163206011
0.0414608828723
0.0380597524345
0.047542847693
0.0262636840343
0.0148668922484
0.0345869213343
0.00713524408638
0.0117464633659
0.0518618710339
0.0317232459784
0.054008975625
0.0310004595667
0.0309516582638
0.0355297662318
0.0473192892969
0.0313695706427
0.0546899586916
0.0124663673341
0.0365785993636
0.0354273095727
0.0393550507724
0.0269875079393
0.0121608609334
0.0217409208417
0.0395192876458
0.0353053733706
0.0195978228003
0.010366814211
0.0499259829521
0.0367594026029
0.0950181484222
0.0330363176763
0.033724181354
0.0107762822881
0.0170838739723
0.0217044465244
0.0710314288735
0.0221169665456
0.0146972918883
0.0338733531535
0.0175373088568
0.0181061178446
0.0348193496466
0.0145348524675
0.0777752697468
0.0232526902109
0.0621347911656
0.0658898800611
0.018164280802
0.045664601028
0.019197287038
0.026273297146
0.016190925613
0.0271759945899
0.0386377871037
0.014622176066
0.0331006385386
0.0223835967481
0.0297876596451
0.063607186079
0.012053203769
0.0161486789584
0.028939858079
0.0995015054941
0.00979224778712
0.0269845984876
0.0156083647162
0.0192626751959
0.0316974669695
0.0177468135953
0.0380122512579
0.0156822539866
0.0247424487025
0.0208561345935
0.0395619980991
0.007485430222
0.0398445576429
0.0313225351274
0.0138352224603
0.0260610524565
0.0265423320234
0.0171894934028
0.0219862814993
0.0965721979737
0.0274286996573
0.0203268863261
0.0714991912246
0.0404046922922
0.0162778291851
0.0100697036833
0.0500937253237
0.0322470366955
0.0375678502023
0.0276613011956
0.0193838384002
0.074363745749
0.0249835476279
13.5818891525
0.00555337313563
0.0203923247755
0.0647315233946
0.016181608662
0.039826285094
0.0506693087518
0.0140319652855
0.0160455405712
0.0402758233249
0.016457721591
0.0339230671525
0.0119907306507
0.033810634166
0.0349180437624
0.0598905347288
0.0415165163577
0.0390943810344
0.0212419796735
0.035193040967
0.0809661746025
0.0381099097431
0.0144382566214
0.0168653130531
0.0197101142257
0.0389507599175
0.0255016926676
0.0232488811016
0.0151913100854
0.018146827817
0.0276519618928
0.0253778379411
0.0306532494724
0.0134720727801
0.0581125430763
0.0550471954048
0.0092511754483
0.0178979113698
0.0412929952145
0.025113241747
0.0405314341187
0.0288221687078
0.0430039167404
0.0298632923514
0.0349672958255
0.0453650914133
0.0199299678206
0.0255003161728
0.0410112142563
0.0480664558709
0.0450077168643
0.0907380506396
0.0105376895517
0.0316055193543
0.0158258099109
0.015059296973
0.00821602530777
0.035717818886
0.0294030103832
7.60955524445
0.0130394622684
0.0463181212544
0.0347351282835
0.0544867292047
0.0539913289249
0.0161767136306
0.0245303325355
0.0121969645843
0.0278590489179
0.0132952257991
0.0244518518448
0.042514488101
0.00891317613423
0.061046898365
0.0381180979311
0.0311146844178
0.00962190516293
0.00523807108402
0.0158599168062
0.0816484242678
0.0510713607073
0.0310068447143
0.0702274665236
0.0196626503021
0.0597923584282
0.0119269294664
0.0195575673133
0.0743007659912
0.0040270704776
0.0277419984341
0.0187704265118
0.0302662570029
0.0257397815585
0.0780710056424
0.0243474822491
0.104349650443
0.0399798639119
0.0762336105108
11.1051969528
0.0571543574333
0.0164311677217
0.0152813959867
0.0362985543907
0.0433769524097
0.0148042552173
0.0254164859653
0.0261100009084
0.0440098792315
0.0344437621534
0.0105813629925
0.0151762319729
0.0559812225401
0.010331036523
0.0808013230562
0.0447827577591
0.0397389419377
0.0707712098956
0.0308602154255
0.0593510009348
0.02957348153
0.0747234597802
0.0127240689471
0.0481052473187
0.0283177997917
0.0374685376883
10.9266462326
0.0337979458272
0.0192873328924
0.0226944647729
0.0333381481469
3.2785949707
0.0623651519418
0.0377055928111
0.0169690083712
0.0668366700411
0.0194037109613
0.0385362803936
0.0209233872592
0.0543006584048
0.0035385475494
0.0251823961735
0.00498928967863
0.0121806068346
0.0474836118519
0.0409794338048
0.0184419751167
0.033158890903
0.00862015224993
0.0380390658975
0.0679404437542
0.0193079523742
0.0222829729319
0.0138443605974
0.00829321704805
0.0275725703686
0.0148514723405
0.0631017014384
0.0356699563563
0.0358436442912
0.0393608883023
0.0116059305146
0.0589777715504
0.031020866707
0.0300918128341
0.0546247921884
0.00840211473405
0.00938479416072
0.0360435992479
0.0587322749197
0.0163467247039
0.0145636470988
0.0205426812172
0.00554750300944
0.0465726591647
0.0215072389692
0.00923918373883
0.0214244686067
0.0493759959936
0.0405836477876
0.0390911437571
0.0147277489305
0.0454994775355
0.0356891863048
0.0289832819253
0.0106821758673
0.0151871331036
0.0850365385413
0.0212450139225
0.0215222910047
0.0243622455746
0.0931630134583
0.0690369606018
0.020626777783
0.0183458011597
0.0505269914865
0.0113922199234
0.0151059348136
0.0148887420073
0.0264028459787
0.0156574193388
0.0329987891018
0.0687579885125
0.0482937730849
0.017923232168
0.029351381585
0.029796121642
0.0198633503169
0.0750055238605
0.0123754385859
0.0395742543042
0.14745824039
0.0253899507225
0.0538163892925
0.0105458069593
0.0111817773432
0.0217840261757
0.0139948613942
0.00819475576282
0.0204229168594
0.0444855466485
0.00934579782188
0.00891395192593
0.0170077104121
0.0225758217275
0.0164556242526
0.0328813455999
0.0499138645828
0.0347005687654
0.00755575718358
0.0459149107337
0.0299147181213
0.0156453680247
0.0389323011041
0.0410791486502
0.0983531624079
0.032696634531
0.0487803928554
0.0408025532961
0.0141980843619
0.0751588866115
0.0245302822441
0.0428708456457
0.0318716913462
0.024851128459
0.0334700085223
0.0109358495101
0.0259672813118
0.0534821227193
0.0247533861548
0.0211958996952
0.0197534151375
0.0235860049725
0.0215951502323
0.0411434061825
0.0339652821422
0.0391316339374
0.0607375428081
0.0718666687608
0.0394057892263
0.0399809032679
0.0858970880508
0.0433871597052
0.1016427055
0.0208703130484
0.0162510816008
0.0306942947209
0.040138233453
0.0613313876092
0.081180036068
0.0255274735391
0.0393468774855
0.0508329868317
0.0614711008966
0.0849099680781
0.0753870978951
0.0519224368036
0.0298571027815
0.0337766483426
0.0374066010118
0.0486591085792
0.00668528629467
0.0120838424191
0.0103983897716
0.0331049598753
0.0253740232438
0.0405300073326
0.0322270356119
0.0289463605732
0.0471946783364
0.0261428188533
0.0594301894307
0.0262629874051
0.00829260516912
0.0191944018006
0.0157315228134
0.0223837438971
0.0558496341109
0.0181763023138
0.026025665924
0.0129395015538
0.106919951737
0.0614132620394
0.0187916345894
0.0586695075035
0.0210655294359
0.0268583614379
0.0147058377042
0.0341418124735
0.0072875879705
0.158278271556
0.0391112156212
0.0279798265547
0.0236535314471
0.0469928607345
0.0120741426945
0.0532840043306
0.033164370805
0.0267480704933
0.023037917912
0.0789907574654
0.0307858027518
0.045176781714
0.0335261784494
0.00955787021667
0.0252279005945
0.0430803969502
0.0289507191628
0.0359223149717
0.0185354035348
0.037705283612
0.0402157492936
0.0126591455191
0.0331468917429
0.0235739853233
0.0379278622568
0.0445565022528
0.0446195155382
0.0313022881746
0.0205486528575
0.00450868112966
0.0209559760988
0.0192128159106
0.0102774426341
0.0830054655671
0.0133110787719
0.0208159200847
0.0121560646221
0.00946680642664
5.24169540405
0.0160988792777
0.0195451155305
0.0073640239425
0.020533522591
0.040415648371
0.0124359475449
0.0156059833243
0.0719641000032
0.0186613425612
0.0261142365634
0.0909658223391
0.0668147131801
0.0371814705431
0.05834986642
0.0216077920049
0.0150985177606
0.0525457784534
0.0260075815022
0.0160300955176
0.00162123516202
0.0226391144097
0.0230491776019
0.0220817569643
0.0859875977039
0.0206387117505
0.0644598528743
0.0178722850978
0.0230969320983
0.00461682025343
0.0212908964604
0.0256608594209
0.0432411879301
0.0414390712976
0.117020644248
0.035871528089
0.056762740016
0.0273556094617
0.0182101409882
0.0186150930822
0.00822891667485
0.0434414744377
0.0209447275847
0.0198574941605
0.017619824037
0.0492392033339
0.0223795361817
0.0175198037177
0.00880196876824
0.0221165418625
0.0245616380125
0.0243310444057
0.0192113127559
0.0258648134768
0.0297504365444
0.0581679269671
0.0229242760688
0.00963052548468
0.0108543392271
0.0492330156267
0.0234085824341
0.0278110839427
0.0131856780499
0.0292117651552
0.019583819434
0.0469932183623
0.00892245862633
0.046503007412
0.0195635836571
0.0146223511547
0.0452607087791
0.0310486108065
0.0114647345617
0.0484008379281
0.0224511474371
0.0320077724755
0.114413790405
0.0262121111155
0.061333026737
0.0282976683229
0.025515999645
0.0258970297873
0.0451792925596
0.0203703716397
0.0317268259823
0.0264170691371
0.0519501790404
0.0371008478105
0.0338856875896
0.0178324002773
0.0360880233347
0.0172436535358
0.017884651199
0.00701855076477
0.0109501965344
0.0233393255621
7.28660869598
0.0255837626755
0.0196128599346
0.0204285290092
0.0773465558887
0.0459965877235
0.012507381849
0.0188419111073
0.0486739650369
0.0631057843566
0.0134184649214
0.028548695147
0.0310653485358
0.0351497977972
0.0319374427199
0.0829654186964
0.0463678427041
0.0176776330918
0.0156069733202
0.0337447673082
0.0345043390989
0.0177268330008
0.031141448766
0.0171735696495
0.0301850661635
0.0203416552395
0.0485574714839
0.0260812193155
0.00715800374746
0.0280622132123
0.0148218367249
0.0407004542649
0.0491258576512
0.0217183288187
0.02688934654
0.0173454545438
0.080317594111
0.0396102778614
0.0387928001583
0.0344565622509
0.0513309277594
0.0336672142148
0.0315998122096
0.0177217200398
0.0390053093433
0.0300901327282
0.024142453447
0.0484659932554
0.0327681750059
0.0527249202132
0.074140585959
0.0244054757059
0.0583275221288
0.0357178002596
0.0138931572437
0.0266474355012
0.0296108499169
0.0134903062135
0.0159334409982
0.0282356217504
0.0361956991255
0.0328890047967
0.00629604281858
0.0178850777447
0.0219301003963
0.0315382294357
0.0561322532594
0.0527294240892
0.0744357183576
0.0167145989835
0.0169567931443
0.0264302939177
0.0753415748477
0.0712195113301
0.146952733397
0.0246899947524
0.0812085643411
0.0621891990304
0.020088294521
0.0166129246354
0.0226705558598
0.0194908045232
0.0209903493524
0.00338997365907
0.0193510614336
0.0919852256775
0.0462115071714
0.0414050593972
0.0263615958393
0.0440842062235
0.0280718207359
0.0243240483105
0.0362543463707
0.0697168931365
0.00561039708555
0.0789206549525
0.00903884973377
0.0131960986182
0.0384627208114
0.0299793649465
0.0812110602856
0.0283256638795
0.0323662646115
0.0378205180168
0.0351767502725
0.0261031035334
0.0213413126767
0.0394673794508
0.0638180971146
0.0540135651827
0.0194632336497
0.00919919461012
0.0596817731857
0.0353347212076
0.0100198732689
0.0289041623473
0.00983826443553
0.0257614292204
0.023055402562
6.63490390778
0.0198788810521
0.0137284016237
0.0377022214234
0.0440095923841
0.00660307891667
0.0263105407357
0.0316294021904
0.00927030202001
0.0445698872209
0.0316924862564
0.021013468504
0.0406435579062
0.0103690037504
0.0467843078077
0.0740396603942
0.0270936787128
0.0400810688734
0.0314799956977
0.0391859561205
0.0209403354675
0.0466370210052
0.0200502239168
0.0221393331885
0.00408528652042
0.0318149253726
0.0300519000739
0.0608843974769
0.0269491169602
0.0320790633559
0.0170220751315
0.0109605360776
0.0548241138458
0.0323667787015
0.0694038569927
0.00516809802502
0.0397976264358
0.0230960827321
0.0283971000463
0.0069370502606
0.0386180914938
0.0183046404272
0.0211014822125
0.0532952733338
0.043331515044
0.0291088987142
0.0270779263228
0.0124791264534
0.0564044825733
0.0274147037417
0.00868647452444
0.0293398611248
0.0154983466491
0.0565249249339
0.00635059690103
0.0305520575494
0.0240564197302
0.0216960012913
0.0377622134984
0.0100505203009
0.0138205578551
0.0422979928553
0.048810005188
0.0175609439611
0.0200623013079
0.0359885543585
0.0690591409802
0.0198130365461
0.0275263153017
0.023145608604
0.0268025249243
0.0201992802322
0.0244595780969
0.0997728034854
0.0699263587594
0.0258873607963
0.0318270772696
0.00731452414766
0.0189069211483
0.0217198692262
0.062355723232
0.0110002215952
0.0247154794633
0.020755155012
0.0173650886863
0.0567852109671
0.046904232353
0.0186803489923
0.0176989361644
0.0152124064043
0.0813374072313
0.0375625193119
0.0324474386871
0.0338338911533
0.0224285386503
0.017203245312
0.0192418992519
0.0443314760923
0.0265823360533
0.0267484653741
0.0333265066147
0.0247705467045
0.0184495877475
0.0343708433211
0.0590329840779
0.0184715297073
0.0219264049083
0.00309611205012
0.0383923128247
0.0221455805004
0.0112660285085
0.017282044515
0.0675469040871
0.0320985727012
0.0177996326238
0.0364440530539
0.0128001775593
0.0340983979404
0.0189265161753
0.0736283808947
0.0150311691687
0.0370441377163
0.0416973568499
0.021039897576
0.0313265435398
0.0201390553266
0.0547690317035
0.0380192436278
0.0504227504134
0.0230958275497
0.0208368431777
0.0211472325027
0.01700575836
0.0188945233822
0.00829792767763
0.0491450428963
0.0240573696792
0.175779998302
0.0282627977431
0.0265541300178
0.0236245840788
0.0150067918003
0.0177054163069
0.0398491211236
0.0530168712139
0.0194273963571
0.0203350782394
0.0272932108492
0.0782862305641
0.0148162944242
0.0253892447799
0.0618800930679
0.0271769277751
0.031612444669
0.0603631809354
0.0151486769319
0.0132917864248
0.0198972541839
0.0321238338947
0.0122153153643
0.0536234565079
0.0563346743584
0.0367731787264
0.0231113862246
5.22659301758
0.032114919275
0.0152690550312
0.0302584134042
0.0539757087827
0.0299423616379
0.0196378026158
0.0233625210822
0.0146899186075
0.0234571918845
0.0152767160907
0.019908612594
0.0402953214943
0.0099661052227
0.029319010675
0.0300291068852
0.0395735614002
0.0876965895295
0.10116007179
0.0264368467033
0.018358182162
0.0820988193154
0.0145624103025
0.0163212902844
0.0270944926888
0.0226732958108
0.0180697999895
0.0579476542771
0.0323393195868
0.0390143431723
0.00713127572089
0.13590849936
0.0354742333293
0.0164180900902
0.00479567283764
0.0112699596211
0.0253044366837
0.0170175749809
0.140503063798
0.0366230048239
0.0252518970519
0.0424937009811
0.014719158411
0.0360621362925
0.0184235088527
0.02745998092
0.0261392462999
0.0506622754037
0.0103695783764
0.0185494124889
0.0216999556869
0.0204101335257
0.0323879942298
0.0169890467077
0.0236976575106
0.0259430725127
0.0169391985983
0.042668685317
0.0163302645087
0.01376767084
0.0285591110587
0.0242285933346
0.00614876532927
0.0286870896816
0.0266537275165
0.0345227047801
0.0664063468575
0.00498406402767
0.0275905188173
0.0162756517529
0.0700479596853
0.0203082431108
0.0208487715572
0.0396308973432
0.0151814771816
0.0433108173311
0.00653217500076
0.0549461469054
0.0367254167795
0.0511630550027
0.00963620748371
0.0297284126282
0.0189968422055
10.5274715424
0.0265761595219
0.0262345205992
0.0301674660295
0.0191779825836
0.0517696216702
0.0238612461835
0.0213935803622
0.0117567451671
0.0353318266571
0.0408495999873
0.0324157215655
0.0273887552321
0.0427031926811
0.0449716560543
0.0984541326761
0.0324096269906
0.0215558353812
0.0187443438917
0.0188038628548
0.0188298206776
0.00430578133091
0.0550710856915
0.128809377551
0.0372635386884
0.041802495718
0.00515337008983
0.0450526438653
0.0233475957066
0.0299790091813
0.0114210117608
0.105897136033
0.113104276359
0.0415637418628
0.025378106162
0.0482844822109
0.0114306528121
0.017799962312
0.0844331309199
0.0449901781976
0.02035292238
0.0457737632096
0.00768197560683
0.0627562105656
0.0130075868219
0.0182604156435
0.0216755289584
0.0388071537018
0.0286336075515
2.00072026253
0.0410642102361
0.0279158614576
0.0372077561915
0.0199386682361
0.0106717459857
0.0107244234532
0.0152831515297
0.0232317578048
0.042741689831
0.0476012863219
0.0374628566206
0.0365184545517
0.0245584957302
0.0325212851167
0.0196777433157
0.0554733276367
0.0137021886185
0.0318776220083
0.0475829131901
0.0225952174515
0.0359432175756
0.0187961552292
0.0283522550017
0.0431227013469
0.0261781588197
0.0583776310086
0.0178318414837
0.0363913141191
0.013801635243
0.0456304289401
0.0755046829581
0.0741070210934
0.0198517236859
0.0279921945184
0.0502418167889
0.0226407144219
0.0518577024341
0.0225828066468
0.0423170253634
0.0372425764799
0.0337257273495
0.0361231304705
0.0587302222848
0.0247405748814
0.0581984482706
0.0255229007453
0.0283135585487
0.0224189311266
0.0123044168577
0.0234634242952
0.0328648276627
0.0154303517193
0.048596482724
0.0315206721425
0.0360140576959
0.0521287620068
0.0124041847885
0.0161245334893
0.0215794146061
0.0160440448672
0.0270036552101
0.019399387762
0.0220900978893
0.0420531518757
0.0331220887601
0.0392248034477
0.040432959795
0.0654983147979
0.00814009644091
0.0358967371285
0.0509468652308
0.0234395619482
0.0176308173686
0.0820066183805
0.0395053103566
0.0617948807776
0.0142576387152
0.0188875347376
0.0182739086449
0.0269784461707
0.0627618208528
0.0213785711676
0.0151585154235
0.00791143532842
0.019402615726
0.0492113605142
0.0568216890097
0.111260026693
0.00507131125778
0.0282045137137
0.0341840498149
0.0184640083462
0.0196694787592
0.0573478490114
0.0163505580276
0.0139162270352
0.0382281988859
0.0550936870277
0.0313132926822
0.0313429199159
0.0283393710852
0.108255833387
0.031377851963
0.0237019602209
0.0203611459583
0.0313947685063
0.0503870658576
0.042557593435
0.00745979044586
0.0257189068943
0.0198532510549
0.0461477488279
0.0219433791935
0.0202843137085
0.00521877175197
0.0265894383192
0.023975033313
0.0233177691698
0.0189693458378
0.0111702317372
0.0272213425487
0.0157789681107
0.0172303244472
0.0394932180643
0.0120119163767
0.0415656045079
0.0448217689991
0.0310371685773
0.0373985990882
0.0180861707777
0.0499845258892
0.0385713502765
0.0477429404855
0.0589790344238
0.0219945218414
0.00453280704096
0.0228076111525
0.0330413021147
0.0178414862603
0.0334378220141
0.024444848299
0.0182183105499
0.0332513079047
0.0777015313506
0.0357088111341
0.0742351040244
0.0582183226943
0.0647403299809
0.00907587725669
0.0298568811268
0.0174748953432
0.0176826473325
0.0147787919268
0.0200441349298
0.0274147298187
0.0258915293962
0.0620072372258
0.0137676913291
0.031864810735
0.0386460050941
0.0161501485854
0.040065780282
0.0215806011111
0.0285784434527
0.0628412589431
0.0921524167061
0.0460104383528
0.0276442561299
0.0519188307226
0.0178891606629
0.02894346416
0.0587064661086
0.022904060781
0.021158663556
0.00843950733542
0.0273612234741
0.0182906817645
0.0713593363762
0.0121121741831
0.0294146146625
0.0555423684418
0.0506966561079
0.0130303371698
0.0406332351267
0.0623812824488
0.0503181479871
0.076839864254
0.0394631400704
0.05661419034
0.0373058579862
0.0301477964967
0.0495992191136
0.130836516619
0.0214907564223
0.0282184444368
0.0216932892799
0.0159290395677
0.0349422991276
0.01818234846
0.0582958608866
0.0183989591897
0.0184769518673
0.0140568409115
0.00690911291167
0.0127238286659
0.0279031265527
0.0314727462828
0.0549617297947
0.0154482014477
0.0534901320934
0.0484954714775
0.0326009169221
0.0221348721534
0.0283670537174
0.0132857663557
0.0238423272967
0.0221865847707
0.0108208637685
0.0282974410802
0.0222810152918
0.023097736761
5.70786762238
0.0261357314885
0.0704574286938
0.0509077832103
0.0244141314179
0.00941058713943
0.0103484243155
0.0101542137563
0.0238716639578
0.0277276095003
0.0205274745822
0.0252765975893
0.0225511603057
0.0266277007759
0.0318783819675
0.0264566931874
0.0418967716396
0.0243557300419
0.0709206834435
0.0501158460975
0.00862316321582
0.0609034970403
0.0431538075209
0.0249679982662
0.00994797050953
0.0326485261321
0.0312376264483
0.0285268072039
0.0507000386715
0.0163534507155
0.0298894774169
0.0909212827682
0.0395693741739
0.0191287081689
9.65515136719
0.0202993731946
0.0239122454077
0.0258823353797
0.011145632714
0.00765554700047
0.038164306432
0.0169188212603
0.0473308861256
0.0570578500628
0.0440249703825
0.0241471715271
0.0177034474909
0.0447577424347
0.0727743878961
0.0229040682316
0.0150053938851
0.0280415341258
0.0237165410072
0.0226560309529
0.0384307056665
0.00406891107559
0.0864562243223
4.4453997612
0.028597343713
0.0918816551566
0.0483421385288
0.0567341037095
0.014042920433
0.0274475272745
0.00933594815433
0.00982899963856
0.0673860162497
0.0213077403605
0.0286514740437
0.111171357334
0.042052116245
0.0853320285678
0.0479916520417
0.0140387006104
0.0364793986082
0.0201593283564
0.0880882143974
0.0236417539418
0.0246289540082
0.0159122310579
0.0584857203066
0.0329738073051
0.0396725460887
3.76057457924
0.0839153751731
0.0292702689767
0.0959032773972
0.0764002725482
0.013442100957
0.0240617077798
0.0348003841937
0.0274636168033
0.0408236794174
0.0219353977591
0.0195088740438
0.019044034183
0.0788109898567
0.0153719447553
0.0202028378844
0.0433790013194
0.0209163594991
0.0327828936279
0.0161195322871
0.0421227999032
0.023086996749
0.0311440881342
0.0360551178455
0.0471883639693
0.0334404744208
0.0114067867398
0.0186914969236
0.0259171910584
0.0339059606194
0.0544902198017
0.00284581747837
0.0370314791799
0.0653196945786
0.0592814646661
0.0347474589944
0.0172922424972
0.0580011531711
0.0137756699696
0.0105245141312
0.0277510173619
0.0543972961605
0.0269357245415
0.0351575426757
0.0142486961558
0.061614792794
0.0357490032911
0.0124195655808
0.0199588313699
0.0265643168241
0.0341515429318
0.019339164719
0.0284829623997
0.109162598848
0.0469935871661
0.0305075962096
0.0867929905653
0.00887132436037
0.0280876345932
0.0195654705167
0.0225456319749
0.0463455095887
0.0293403677642
0.0198853556067
0.0328326970339
0.0126033024862
0.0349667593837
0.0186168625951
0.0527974031866
0.0253839660436
0.0434006080031
0.0205838903785
0.0670241042972
0.0181068815291
0.0251097064465
0.0337407924235
0.0236851479858
0.0387314260006
0.0122957099229
0.0538770854473
0.0479407124221
0.0171802882105
0.025050457567
0.0264400132
0.033326394856
0.0185804069042
0.013563496992
0.0697508454323
0.0451479479671
0.0129199307412
0.0430816747248
0.0543534681201
0.0634213462472
0.015668861568
0.0471338145435
0.0295527931303
0.042550239712
0.0213757026941
0.0485992617905
0.0273041110486
0.0227843783796
0.0329293012619
0.0315292142332
0.0202609281987
0.0274695102125
0.0473702549934
0.033529497683
0.0110496748239
0.0250249616802
0.0342841856182
0.0446748547256
0.04711708799
0.0473308600485
0.0246750432998
0.0198256112635
0.0317931585014
0.0265503656119
0.0661015212536
0.0763087198138
0.0213509947062
0.0358303375542
0.039539553225
0.0555685982108
0.0611295364797
0.0568800121546
0.0154309859499
0.0167481265962
0.0157568193972
0.0283965244889
0.0520909689367
0.0200473889709
0.0334296785295
0.0161669384688
0.0078507848084
0.0442359186709
0.0292470194399
0.0256359912455
0.0242887903005
0.0627220347524
0.0167764108628
0.0415130220354
0.0116704655811
0.0505915954709
0.0370918512344
0.0153292706236
0.0209377612919
0.00309293740429
0.0263857301325
0.0304187368602
0.0595496557653
0.039844147861
0.0252694971859
0.0361928157508
0.0186902638525
0.0140678500757
0.0254948809743
0.0279800761491
0.0583707951009
0.025896763429
0.0245915371925
0.0167136546224
0.0170900505036
0.0319717526436
0.0367934592068
0.0179711952806
0.0276568569243
0.0284010395408
0.0173308160156
0.0514934919775
0.0191439837217
0.0192920230329
0.0767586827278
0.134352117777
0.0104230046272
0.0211735069752
0.0362404547632
0.0179698914289
0.020626436919
0.024887278676
0.0587615706027
0.0495085865259
0.0702329948545
0.0349031426013
0.0109255360439
0.0208584237844
0.0638780519366
0.00720728747547
0.0312309209257
0.0209850259125
0.0542801395059
0.0156352110207
0.0175390988588
0.0192833542824
0.0267443805933
0.0507580302656
0.0370477847755
0.0167637392879
0.0396310687065
0.0149107938632
0.0119605110958
0.0363593585789
0.0356209948659
0.0374872870743
0.0139414649457
0.0329675525427
0.0870351716876
0.0178811997175
0.0578853748739
0.0602160580456
0.0165253132582
0.0215739905834
0.0329137295485
0.0303881894797
0.0200249515474
0.0191555395722
0.0465300232172
0.0500841774046
0.0335417836905
3.38215208054
0.0179479382932
0.0159408114851
0.0122642433271
0.02669913508
0.0118714366108
0.00486524868757
0.0159015934914
0.0316472388804
0.0186833310872
0.0381594486535
0.0296330414712
0.0116915898398
0.0279732886702
0.0115865627304
0.0219145454466
0.0216286275536
0.0688074976206
0.0923571512103
0.0535851530731
0.0341872125864
0.0265846643597
0.00939908623695
0.0191039722413
0.00586505746469
0.0410278327763
0.0232057534158
0.0212696604431
0.0285273976624
0.0702940821648
0.0143927652389
0.131355032325
0.0201304480433
0.0623468868434
0.0140785332769
0.0265548620373
0.0254845414311
0.025651820004
0.0351974666119
0.0449757240713
0.0243305042386
0.0265544503927
0.0513518676162
0.0382135212421
0.0268637705594
0.0385022647679
0.0459658131003
0.0194331724197
0.0363275669515
0.00717861158773
0.0273273028433
0.0665765702724
0.00931684393436
0.0356370657682
0.0465349704027
0.0289393700659
0.00919214822352
0.0289435759187
0.0208293814212
0.123404733837
0.0164329484105
0.0805413722992
0.056448508054
0.0560533441603
0.0556631796062
0.0219533201307
0.0101915029809
0.0143668977544
0.0427542179823
0.0723943263292
0.0134136183187
0.072337038815
0.0248626191169
0.0164383947849
0.0273832324892
0.0891039967537
0.0259770508856
0.0230097044259
0.0383880026639
0.0399198234081
0.0416415967047
0.0467185378075
0.0525138936937
0.0104504562914
0.027682768181
0.0803451091051
0.0192518755794
0.0265410896391
0.0324535258114
0.0656003952026
0.0279549732804
0.0641618445516
0.038437075913
0.0325147695839
0.0473278164864
0.0173743627965
0.0340120270848
0.0300627164543
0.0843074843287
0.0128066688776
0.0281847789884
0.0207497961819
0.025178136304
0.0305300503969
0.0746353641152
0.0333024822176
0.00690185232088
0.0374840050936
0.0230655632913
0.019039247185
0.0195436887443
0.0163382980973
0.0612061657012
0.0406911075115
0.0311841685325
0.0525516532362
0.0203574113548
0.0156594347209
0.0542466118932
0.0199239701033
0.014651379548
0.0151385162026
0.0160513631999
0.0205375310034
0.0272467751056
0.0432103201747
0.017455086112
0.0176686532795
0.043419662863
0.0154699357226
0.0392013005912
0.0409585013986
0.0264119077474
0.0156342219561
0.0245157182217
0.0312701836228
0.0504470542073
0.0385324433446
0.0201787985861
0.0185033809394
0.0361873395741
0.0282842554152
0.0429884083569
0.0709289610386
0.0317258760333
0.0299582388252
0.0114477854222
0.0106301270425
0.0192506741732
0.0217563230544
0.052509367466
0.0644548013806
0.0124355563894
0.0218903254718
0.0134404273704
0.0422665774822
0.0072709643282
0.0414424277842
0.0194403473288
0.00369386863895
0.0124269519001
0.116486608982
0.00877724401653
0.0198616161942
0.0324961058795
0.0318620577455
0.0492550805211
0.0718711689115
0.0413779728115
0.0221171770245
0.0339438617229
0.0352503694594
0.0309647805989
0.0356993414462
0.060175999999
0.0312080495059
0.0122277550399
0.0417497418821
0.016083188355
0.0350318476558
0.0282691065222
0.0278760623187
0.0312769301236
0.0557702332735
0.0212814733386
0.103137627244
0.0332415066659
0.0302151013166
0.0310463421047
0.0331583097577
0.014227386564
0.00600297749043
0.0445473976433
0.0247393380851
0.0598821975291
0.0432242900133
0.0176548324525
0.0400988981128
0.0304937120527
0.146179616451
0.0259120762348
0.0612499937415
0.0190977752209
0.046403080225
0.0397221893072
0.0264419112355
0.0961074531078
5.84016227722
0.0210125651211
0.0542719997466
0.0214164890349
0.0384470000863
0.0440277419984
0.0489255823195
0.0236560087651
0.0130199352279
0.0197763536125
0.0283203572035
0.0472028031945
0.0636955872178
0.0249038804322
0.0453679002821
0.0604064725339
0.141206085682
0.0347114317119
0.0168237946928
0.00887497793883
0.0171661190689
0.0133790979162
0.00877279601991
0.0457080863416
0.028443088755
0.0227251648903
0.0674890503287
0.0476315505803
0.0177460312843
0.0241509173065
0.0283704493195
0.0324506089091
0.0107880951837
0.0673462003469
0.00975076947361
0.0141473757103
0.0102677745745
0.0233162362128
0.0113041177392
0.0223492141813
0.0183959398419
0.020587252453
0.0201556254178
0.0489266365767
0.0121655175462
0.0298867337406
0.0170556157827
0.0279459897429
0.0212267730385
0.0194500498474
0.0500115267932
0.00739214988425
0.0221620202065
0.0320736244321
0.0381561256945
0.0161487516016
0.0245836526155
0.0237557478249
0.0146052772179
0.0410323888063
0.0480132177472
0.0984665825963
0.0368541292846
0.018958542496
0.025618718937
0.0268744006753
0.0242321304977
0.131083279848
0.0356361046433
0.022130979225
0.0129589401186
0.0479871034622
0.0347841568291
0.071450099349
0.0361819155514
0.0843488350511
0.021520677954
0.0351551808417
0.0900565758348
0.0200457964092
0.0299122780561
0.0146890645847
0.0274128504097
0.0367833450437
0.050583768636
0.07092243433
0.0195319317281
0.0345743820071
0.0535933747888
0.0229090899229
0.0149314235896
0.0373885147274
0.0223247408867
0.0347497947514
0.0253722332418
0.0526986867189
0.0614276640117
0.00866780709475
0.0209939703345
0.0266745910048
0.126034587622
0.043537274003
0.0826098099351
0.0242031887174
0.0197399631143
0.0357074551284
0.0242990273982
0.0192269068211
0.026400975883
0.0180491153151
0.0215480662882
0.01130982209
0.021223988384
0.017867969349
0.0593749843538
0.0185086000711
0.0210015010089
0.0125891827047
0.0537228174508
0.0200800616294
0.0286903269589
0.0434904694557
0.0252132359892
0.0061090993695
0.0339382477105
0.0118385767564
0.0237653385848
0.0195408910513
0.0104874847457
0.0233772601932
0.0297171324492
0.029549241066
0.0432416312397
0.0739099308848
0.0166285391897
0.0128940334544
0.0107713397592
0.0114461285993
0.0312608741224
0.0134340198711
0.0433241352439
0.0115512935445
0.0256846174598
0.0118335522711
0.0411227159202
0.0514961183071
0.0292138792574
0.0132985394448
0.0273496285081
13.7533073425
0.0527131482959
0.0238553117961
0.010631961748
0.0696608126163
0.0249282941222
0.0341584570706
0.0391988046467
0.0528428778052
0.035624653101
0.0366175100207
0.0220496505499
0.084086805582
0.0305715166032
0.0302176848054
0.0216608587652
0.0592312924564
0.0326288938522
0.0211912188679
0.0396336317062
0.0486401580274
0.0364164747298
0.0618112012744
0.057498794049
0.0718602389097
0.0565531514585
0.026871683076
0.0334575772285
0.0576238408685
0.0286034978926
0.0174908284098
0.0572937168181
0.019434094429
0.0412729904056
0.0120957605541
0.0460582636297
0.048023853451
8.41348743439
0.0200805291533
0.0459179505706
0.023672381416
0.0213300473988
0.0141120441258
0.00248791184276
0.0187565181404
0.0424558110535
0.0118746161461
0.122053645551
0.0140012614429
0.0231399778277
0.0304715465754
0.0426572039723
0.0272205714136
0.0394660793245
0.00862301979214
0.0209583174437
0.0313814170659
0.0187875311822
0.0226629395038
0.0185752213001
0.0427725203335
0.0480926521122
0.0881975516677
0.014424550347
0.0295836925507
0.0284520201385
0.00641269702464
0.0593814402819
0.0154416467994
0.0498582161963
0.0912225842476
0.0340248346329
0.0231241565198
0.0157186854631
0.0262332372367
0.0247053001076
0.0339353606105
0.0293454937637
0.0286233760417
0.0194972138852
0.0390521846712
0.0546480640769
0.0168722681701
0.01190058887
0.0622888430953
0.0579294972122
0.0690440014005
0.0311336964369
0.0368336997926
0.0185675602406
0.0479469634593
0.0480333641171
0.0267622713
0.0363024398685
0.0314817205071
0.0538433864713
0.0362273231149
0.0314277745783
0.0139198796824
0.0365784615278
0.0106109147891
0.0245980396867
0.00464144907892
0.0883537232876
0.0241142120212
0.0500254370272
0.0143780820072
0.0113807590678
0.0104965008795
0.0298480596393
0.0369474254549
0.0966897085309
0.0302756968886
0.0218300987035
0.060297999531
0.0294917132705
0.0303729306906
0.0162274632603
0.0253740213811
0.0577961020172
0.0240717101842
0.0546969436109
0.0425087958574
0.0217887293547
0.00689640082419
0.0431847535074
0.0359168872237
0.103953428566
0.0383427329361
0.024551127106
0.0653767883778
0.0309932269156
0.034353826195
0.0583231635392
0.0592029690742
0.0849541053176
0.0173886492848
0.0166729930788
0.040246669203
0.0430359058082
0.029582189396
0.028702231124
0.0435470081866
0.0284953527153
0.0474689118564
0.0457950085402
0.0457261949778
10.2047071457
0.0143639734015
0.0379658713937
0.0349053330719
0.0313380174339
0.0226676296443
0.0158321820199
0.00743659446016
0.0259646438062
0.0395323783159
0.036586754024
0.056446865201
0.0359123200178
0.0212926715612
0.0594280771911
0.123062342405
0.0256332699209
0.00640756916255
0.0122046852484
0.053673941642
0.0223590955138
0.0345816351473
0.0552392080426
0.0124619947746
0.0427129864693
0.0153742702678
0.0141115952283
0.0295717641711
0.0552226118743
0.0235979426652
0.011795331724
0.03865281865
0.0219272449613
0.0340220369399
0.0630654916167
0.014370970428
0.0426107533276
0.0073177642189
0.0672302246094
0.0114412335679
0.00884457770735
0.0154642220587
0.0261935051531
0.0146335046738
0.0264941230416
0.0196955949068
0.0521064773202
0.0357472673059
0.0201567523181
0.0481966249645
0.0330517888069
0.019397392869
0.0309309531003
0.023264888674
0.0376126468182
0.0137090301141
0.0189427621663
0.066426359117
0.0327154360712
0.0122436415404
0.0301527418196
0.0321007408202
0.0323833525181
0.0503905303776
0.0233814269304
7.0506529808
0.005485185422
0.0128381811082
0.00627869833261
0.0200040116906
0.0241401977837
0.0248872134835
0.0210153330117
0.0139496168122
0.0346578098834
0.0220309123397
0.0293074958026
0.0723265781999
0.00674103759229
0.0453737825155
0.0282385982573
0.0326641499996
0.0443060174584
0.0702440440655
0.0275246202946
0.0277572125196
0.029486592859
0.0509075596929
0.0183127243072
0.0221429374069
0.0219466071576
0.0710452869534
0.0359655357897
0.0590681619942
0.0298870094121
0.0743374153972
0.02250941284
0.0101026287302
0.019895227626
0.0151923215017
0.0551901459694
0.0181826986372
0.024846887216
0.0136025929824
0.0638656616211
0.0570576675236
0.0483734086156
0.00853388290852
0.037922795862
0.0245930422097
0.0608689859509
0.0655204057693
0.0244731921703
0.0215712785721
0.0632952302694
0.029229670763
0.0365324132144
0.04695700109
0.0256081447005
0.0239364858717
0.0246839150786
0.0099708493799
0.033295340836
0.0219112113118
0.0205022823066
0.0273293145001
0.0209759864956
0.00697666266933
0.0567152239382
0.0124768167734
0.00734198279679
0.0250983536243
0.0368108227849
0.0831403061748
0.0312978290021
0.0443734116852
0.0104298572987
0.0400931686163
0.0207263380289
0.0425058677793
0.0245590656996
0.161286026239
0.014155308716
0.0427754223347
0.0757423713803
0.0372491255403
0.0426140800118
0.141611114144
0.0260563772172
0.0372616909444
0.0249150730669
0.00604112865403
0.0477811582386
0.0442117899656
0.0299882274121
0.025201305747
0.0307419598103
0.0273630078882
0.0167365018278
0.0321838483214
0.0394700542092
0.0404412001371
0.0487277135253
0.0536962524056
0.0157066378742
0.0260217729956
0.0189482178539
0.0157221481204
0.0120859788731
0.022740194574
0.00969781819731
0.0332889482379
0.0319465585053
0.0381738990545
0.0388414412737
0.0405321456492
0.0173862166703
0.0278178174049
0.035550236702
0.0376681610942
0.0152643518522
0.0125681431964
0.032844837755
0.0594886727631
0.0283510908484
0.0361712612212
0.0231889057904
0.0941536426544
0.0279641132802
0.0822832584381
0.0265425145626
0.0322253592312
0.0431128144264
0.0446887128055
0.0137383332476
0.00666982820258
0.0243359338492
0.0412027612329
0.022370159626
0.0147157730535
0.0356822535396
0.0197494160384
0.0227328110486
0.0366484448314
0.0705882459879
0.0516498312354
0.0424259006977
0.0134396823123
0.0262598786503
0.0272533427924
0.0185718648136
0.0298301875591
0.0155244246125
0.0249558221549
0.0108098955825
0.0373169146478
0.052861969918
0.0297694243491
0.0251216199249
0.0687716007233
7.32039546967
0.012458386831
0.0204852484167
0.0523643381894
0.0115362918004
0.00788168236613
0.0345491282642
0.0587617456913
0.0584329552948
0.025644665584
0.0363885909319
0.0427342951298
0.0454837270081
0.0377097800374
0.0288073625416
0.0295591726899
0.00702826026827
0.0272913128138
0.0454047881067
0.0203726794571
0.0255901664495
0.0436427816749
0.0434371195734
0.0442921295762
0.0175713784993
0.0140275619924
0.159568637609
0.00739543000236
0.044188849628
0.0221700835973
0.0501173958182
0.0469836294651
0.0287370085716
0.0237910822034
0.0171020999551
0.0346690118313
0.0448787286878
0.0475538186729
0.0938342437148
0.0190771017224
0.0728181451559
0.0574448183179
0.019021673128
0.0204112697393
0.0176768898964
0.0210966076702
0.0287099909037
0.0260934215039
0.0759210884571
0.0467114858329
0.0636600255966
0.024345677346
0.0158143844455
0.0643639937043
0.0627263858914
0.00943300779909
0.0532373785973
0.0342140197754
0.0612561330199
0.0141499871388
0.0203436911106
0.0337232016027
0.0291860494763
0.0167931150645
0.0231086984277
0.0271682664752
0.0553542673588
0.00939596816897
0.0447444170713
0.0338564142585
0.0243005026132
0.0329697802663
0.0308752022684
0.0131297558546
0.0575745664537
0.0570484101772
0.0304936096072
0.045813228935
0.0394105650485
0.0329624079168
0.0212018415332
0.0458422936499
0.0318034216762
0.0306491199881
0.0403400473297
0.0345683731139
0.0371065996587
0.0133330756798
6.67432928085
0.013753907755
0.0180582497269
0.0149044087157
0.0224624481052
0.0493943616748
0.0208016522229
13.1608753204
0.0212146434933
0.0111701060086
0.0183517765254
0.0193652380258
0.0288131032139
0.0545817352831
0.0285795424134
0.0118521992117
0.0912511944771
0.0956721380353
0.0664265602827
0.0151833985001
0.152043521404
0.0359685793519
0.0234408862889
0.107958935201
0.0933652445674
0.0780758112669
0.0866569727659
0.0229609850794
0.137542366982
0.0241645406932
0.0143666500226
0.0351861268282
0.0113450121135
0.0216435547918
0.00954002235085
0.0383733436465
0.0302103422582
0.025498829782
0.0912588015199
0.0235809534788
0.0482467077672
0.0294353030622
0.0405425839126
0.0222249552608
0.025577550754
0.0149589832872
0.0313117876649
0.0617946870625
0.020877385512
0.131314665079
0.01071079541
0.00631039449945
0.0260298009962
0.0246084406972
0.0197293218225
0.0298832748085
0.0171456541866
0.0109010338783
0.0392669513822
0.00733035244048
0.0371408574283
0.0193603821099
0.0106417490169
0.0637257173657
0.040606752038
0.00814881641418
0.0331928953528
0.0115541201085
0.0315071456134
0.0336082689464
0.105328969657
0.0123242251575
0.0168053582311
0.00644286442548
0.0290411412716
0.0358562245965
0.012419110164
0.00699207093567
0.0132379578426
0.0516092851758
0.0196265298873
0.2067733109
0.0340530723333
0.0426713265479
0.0093501964584
0.0200140494853
0.0205169953406
0.0437270253897
0.0737511888146
0.0151696624234
0.045741867274
0.0278952084482
0.0573775358498
0.0149332182482
0.0387156866491
0.0403056815267
0.0677831172943
0.0138771561906
0.030113901943
0.00583981629461
0.0913955420256
0.0233001466841
0.0407395809889
0.030477212742
0.0449005924165
0.0211536586285
0.0291787739843
0.13333261013
0.0466801933944
0.0629217997193
0.0188391022384
0.0100056966767
0.0401721633971
0.0325342603028
0.0526469610631
0.0488692447543
0.0388424731791
0.0245000123978
0.0644411891699
0.0325482226908
0.0610970370471
0.0157747920603
11.9264354706
0.0223031509668
0.0384906381369
0.0343462079763
0.0194863509387
0.042548071593
0.0727970153093
0.0263828095049
0.0252513363957
0.061481975019
0.0101949758828
0.110373139381
0.025674842298
0.0149037884548
0.0311648510396
0.0547610782087
0.0201776493341
0.020885894075
0.0526311174035
0.0147284045815
0.0166434980929
0.0216658134013
0.0942836552858
0.0327275693417
0.0639265701175
0.0104058962315
0.0626898109913
0.0440522171557
0.0977525860071
0.038233935833
0.0246916748583
0.074155330658
0.0727858394384
0.0251341778785
0.0660701990128
0.0150823844597
0.0269176010042
0.0255369767547
0.0281050950289
0.0515667907894
0.0110373571515
0.0603017508984
0.0104314731434
0.00626562582329
0.0293497759849
0.0346133969724
0.024119772017
0.0187748000026
0.0234381202608
0.106720268726
0.0172258280218
0.0141479130834
0.0200702045113
0.0454925447702
0.0171992424875
0.00600314745679
0.0183160658926
0.0155044905841
0.0228110011667
0.0190579295158
0.0368400029838
0.0299892071635
0.0118855964392
0.0535810440779
0.0403653867543
0.0414162874222
0.0392001904547
0.028126578778
0.0286595523357
0.0203045979142
0.0352546460927
0.0454937368631
0.0197863187641
0.0429699011147
0.015024099499
0.0212342906743
0.0225329585373
0.0370902717113
0.00981342606246
0.0497921817005
0.0215458720922
0.0489819161594
0.0136599009857
0.0411983393133
0.00517707737163
0.0298315826803
0.0634740665555
0.0501674413681
0.0214988067746
0.019401775673
0.0433346629143
0.0141054987907
0.0166139565408
0.792442977428
0.0177936386317
0.012182533741
0.0195580851287
0.0185690056533
0.0215108692646
0.00914483889937
0.0596262291074
0.0183470770717
0.0178532022983
0.0296349488199
0.0714033991098
0.0047474000603
0.0112047521397
0.0207388550043
0.0647534877062
0.0332860797644
0.0450761877
0.00555661600083
0.0737551301718
0.0307575184852
0.0149316890165
0.0166510883719
0.0204938519746
0.0108880298212
0.0310893915594
0.0201911795884
0.0637219101191
0.0210486818105
0.0134304324165
0.030237255618
0.0548359528184
0.0450717695057
0.0245966035873
0.0144879845902
0.0396456792951
0.00934413354844
0.0205615162849
0.00637069903314
0.0995299965143
0.0938768237829
0.0587471239269
0.0699753761292
0.0512796193361
0.0138638755307
0.0253287367523
0.0696861967444
0.0263520274311
0.0377250723541
0.0201137661934
0.0316873788834
0.00649711117148
0.0328595042229
0.0867567136884
0.0186623930931
0.0047841090709
0.0188925433904
0.139175221324
0.0727271735668
0.0462813749909
0.0255874320865
0.0705179125071
0.0325921699405
0.0918698683381
0.0395263284445
0.0251868534833
0.0439850203693
0.017047425732
0.0278030075133
0.129318878055
0.0859042555094
0.0119716655463
0.0356448143721
0.0306329037994
0.032619304955
0.0306881442666
0.0267767589539
0.0149461738765
0.0429885461926
0.067307792604
0.0472001098096
0.0256845206022
0.0170846302062
0.125747308135
0.0138529334217
0.0167623329908
0.00921474397182
0.0224544908851
0.0274360273033
0.0223663337529
0.0417712405324
0.0129991332069
0.0204701647162
0.0368819795549
0.0463800281286
0.0349767170846
0.00845941435546
0.0260740946978
0.0493515729904
0.101933762431
0.0455013103783
0.0425615534186
0.0225282330066
0.0449264273047
0.0258784648031
0.0990200787783
0.0216339193285
0.0735442861915
0.0228703264147
0.0244728773832
0.0172273367643
0.049453895539
0.0169636644423
0.0201216004789
0.0151496781036
0.018265126273
0.0623624287546
0.0300000235438
0.0253215339035
0.0651392415166
0.113665573299
0.00435303710401
0.0285493545234
0.0636968687177
0.00431612692773
0.0425080657005
0.04156761989
0.0721139237285
0.0400480218232
0.0475400090218
0.0159474406391
0.0354517772794
0.035970158875
0.146908566356
0.0196048971266
0.0617922246456
0.0213130488992
0.0524790249765
0.0500955358148
0.0316573418677
0.026284955442
0.0142438011244
0.0207970328629
0.0360851548612
0.0075519233942
0.0515619553626
0.0465109087527
0.0192033164203
0.0278632324189
0.0289654545486
0.0285564865917
0.0333206430078
0.018299408257
0.0256813820451
0.0353411063552
0.0391750559211
0.0208726096898
0.0361493751407
0.0206984505057
0.0251100007445
0.0660664588213
0.0383686348796
0.012862695381
0.0167883336544
0.0218250993639
0.0281307902187
0.0295757297426
0.0244364365935
0.0239205621183
0.0420197471976
0.0532919503748
0.030453491956
0.0185866542161
0.042620152235
0.03394671157
0.0392653346062
0.0120860300958
0.0300380699337
0.0190434753895
0.0266437288374
0.0726906955242
0.0453049577773
0.0509135499597
0.0405542477965
0.0210116114467
0.0524762272835
0.0230617765337
0.0216674972326
0.0537550412118
0.00736879464239
0.0138575211167
0.0285449046642
0.0217848662287
0.0220716390759
0.0312648937106
0.0399595350027
0.0392627231777
0.0496660657227
0.0101539874449
0.0521673969924
0.0172303766012
0.00984078831971
0.0644969418645
0.00568605167791
0.0292514245957
0.0830410942435
0.0309128016233
0.0426342263818
0.031231334433
0.0139253167436
0.0424418635666
0.0308998469263
0.0535605028272
0.0101260608062
0.0333085693419
0.0238573923707
0.0377295650542
0.0870793834329
0.0231654085219
0.0385028980672
0.0281476881355
0.0111315110698
0.0181834679097
0.0403438620269
0.0121428500861
0.0704283490777
0.0216654669493
0.0319368243217
0.0343783535063
0.0296119488776
0.0143400458619
0.021013032645
0.0207750815898
0.0747722834349
0.00876262318343
0.0203761328012
0.0151928085834
0.0242366362363
0.0159760192037
0.04952070117
0.0202859789133
0.0283202119172
0.0289706606418
0.0173268523067
0.0411288179457
0.0333585888147
0.0429345369339
0.0151033839211
0.00871888827533
0.0490172170103
0.00432739779353
0.0604039616883
0.0519761256874
0.0247605312616
0.0158017855138
0.0272155944258
0.0103648426011
0.0359989479184
0.0325085036457
0.00786290690303
0.0108497403562
0.0214655511081
0.058524928987
0.0116811133921
0.0250258538872
0.0226433947682
0.0711551085114
0.0718887746334
0.0166264679283
0.122118353844
0.0200206525624
0.0435532964766
0.0155729921535
0.0175390187651
0.0168252978474
0.0331888496876
0.030235035345
0.024739805609
0.0230179000646
0.0195902902633
0.0546620301902
0.00836278498173
0.00728462310508
0.0424652807415
0.0257427617908
0.0153482351452
0.0106963980943
0.0184452738613
0.0384060330689
0.0208378955722
0.0309679377824
0.0165485590696
0.0247625466436
0.0228525884449
0.0135408360511
0.00998332630843
0.127708569169
0.0125570595264
0.0497098453343
0.0100408652797
0.085583537817
0.0291382614523
0.0117618087679
0.0156175717711
0.0193754471838
0.0345924012363
0.0672290623188
0.0309868026525
0.0215647220612
0.027273543179
0.135786786675
0.0207742694765
0.0266258642077
0.15510751307
0.0474666282535
0.0476912520826
0.0148928361014
0.024422051385
0.0504621267319
0.0303299892694
0.0295056216419
0.0575044192374
0.0506341271102
0.0375224649906
0.0121382195503
0.101923972368
0.033312458545
0.0376226082444
0.0344859734178
0.13629771769
0.0345916189253
0.0126855475828
0.0211466681212
0.0254894569516
0.0140170184895
0.0344983525574
0.0171653851867
0.0663536638021
0.00996793434024
0.102602139115
0.0150916557759
0.0279444158077
0.0795451402664
0.0178244039416
0.0195443257689
0.0370247960091
0.0172877963632
0.0947177112103
0.0122971367091
0.00742424093187
0.0415066033602
0.0359524860978
0.0230249837041
0.0317923501134
0.00990295223892
0.0141678545624
0.029159668833
0.0329420864582
0.0553819648921
0.01716417633
0.028448106721
0.0433980934322
0.01988466084
0.0254873577505
0.0233057867736
0.0235408339649
0.0270134806633
0.00753357261419
0.041514929384
0.0251088403165
0.0469794385135
0.0643088445067
0.0392889343202
0.0565985292196
0.00274372636341
0.0302178729326
0.00901895482093
0.0243331082165
0.0413565337658
0.042872492224
0.022478453815
0.0138171976432
0.0349719040096
0.0407541766763
0.0236010290682
0.0698208659887
0.0291705317795
0.029063353315
0.11655498296
0.0450984351337
1.84649264812
0.0279270168394
0.0487669222057
0.106414407492
0.0152777768672
0.045087788254
0.0216084662825
0.0220515578985
0.0439643934369
0.0349687598646
0.033400863409
0.0226250626147
0.0132763301954
0.0101867401972
0.0364252477884
0.0217720959336
0.0497870929539
0.0191194824874
0.0180954486132
0.0236027408391
0.0703599825501
0.0392446741462
0.194899410009
0.0484308376908
0.0187171716243
0.0299028977752
0.0138822523877
0.0365369543433
0.0814943015575
0.0312010515481
0.010026958771
0.0213084910065
0.0324893258512
0.11245033145
0.0327015630901
0.0117624187842
0.0718339085579
0.0465321168303
0.0170531310141
0.148579090834
0.0217617359012
0.0382952168584
0.00784193072468
0.0163155999035
0.023893950507
0.0266683734953
0.136803537607
0.0531333945692
0.0358202010393
0.0187274049968
0.00566022470593
0.0329958125949
0.0475600361824
0.0375478565693
0.021424561739
0.0468442216516
0.0415246188641
0.0715555623174
0.0985600352287
0.0349928364158
0.0313979722559
0.0456885360181
0.0399216189981
0.0379259176552
0.0227012280375
0.0609392374754
0.014716796577
0.0270819403231
0.00711483508348
0.0287286452949
0.0185183733702
0.171160936356
0.0186487324536
0.00853579025716
0.00560329016298
0.01445897948
0.0197113659233
0.0202078856528
0.0321124643087
0.064145796001
0.0289275366813
0.01377142407
0.0615388639271
0.0181407053024
0.0286241676658
0.0230263378471
0.0982106029987
0.0467506945133
0.0184398125857
0.0421436578035
0.0143649727106
0.0506853237748
0.045372761786
0.0270908735693
0.0252640321851
0.105839043856
0.03134983778
0.029452111572
0.0171759463847
0.0144953019917
0.0372848287225
0.043280005455
0.0153607940301
0.0527288652956
0.0231018140912
0.0130411004648
0.0537041015923
0.0401079654694
0.00979989115149
0.0146891428158
0.0140972789377
0.0143826166168
0.0315449163318
0.0307068899274
0.0337895080447
0.0144305769354
0.0376097932458
0.0148193882778
0.00535543402657
0.0456952042878
0.0308761838824
0.0487767755985
0.023583561182
0.0103499135002
0.0322761423886
0.0326046980917
0.00673091411591
0.0577351488173
0.0397872552276
0.0590276233852
0.0508453808725
0.0146678891033
0.0449589975178
0.039599776268
0.0126314917579
0.0628454834223
0.0195002350956
0.0294006932527
0.0339276045561
0.0718181282282
0.0262510497123
0.0278358086944
0.106110394001
0.0979086831212
0.0338276773691
0.0276109427214
0.0150907309726
0.0109536275268
0.0291550476104
0.141325458884
0.0338898487389
0.00819580070674
0.0388578772545
0.126852869987
0.0272105075419
0.0190410409123
0.00970615260303
0.0381481833756
0.039472155273
0.0308977626264
0.0670811384916
0.0796918272972
0.115716099739
0.0238452591002
0.0561160892248
0.0369739048183
0.0224405638874
0.026419442147
0.0348610505462
0.0322208479047
0.0364373661578
0.0388775169849
0.0197378508747
0.044893886894
0.0912519618869
0.035124886781
0.0555888935924
0.063746728003
0.00674334215
0.0350020937622
0.0417495183647
0.0527486763895
0.0299985893071
0.075331389904
0.0110996309668
0.0430106036365
0.00750641385093
0.0646687075496
0.0977722778916
0.0261006746441
0.0802873000503
0.0134371221066
0.027134584263
0.0627896785736
0.0262094456702
0.0482350476086
0.0500042028725
0.0511346831918
0.0396181680262
0.057844735682
0.0320829115808
0.10082616657
0.087479762733
0.0313239246607
0.0326883979142
0.0425652042031
0.0353290475905
0.073268994689
0.00678425841033
0.00424559880048
0.13450615108
0.017166858539
0.0318315401673
0.0458592697978
0.0265296082944
0.0315367765725
0.0313048660755
0.0218149833381
0.0415169000626
0.0293665677309
0.035177461803
0.0367112904787
0.0110878264531
0.0257068648934
0.0205344296992
0.0464905574918
0.0136406384408
0.0469187647104
0.00745877157897
0.12253421545
0.0208970028907
0.00945450831205
0.0335316359997
0.0734875127673
0.0475565008819
0.0508899204433
0.014466676861
0.0262421052903
0.0507872253656
0.0366723276675
0.0461122952402
0.0226923879236
0.014901981689
0.0119111165404
0.0267209373415
0.0217984896153
0.0385102108121
0.0122991288081
0.00856816582382
0.11564771831
0.0169714204967
0.0304581839591
0.014991258271
0.0200488008559
0.0102021414787
0.0198686178774
0.0256486479193
0.0572457462549
0.0318011492491
0.0344226099551
0.0320747680962
0.0188083872199
0.00597203616053
0.0340229421854
0.0174597129226
0.0261460877955
0.0137257575989
0.00965704582632
0.0171223841608
0.0176088120788
0.0124714560807
0.0616661682725
0.0428618527949
0.0518897175789
0.154775381088
0.0114475479349
0.0279084239155
0.110191963613
0.0221204608679
0.0333507694304
0.0301923491061
0.00819404236972
0.0231660660356
0.0200872030109
0.019094588235
0.0712694972754
3.308583498
0.0203331150115
0.0544241704047
0.0386590585113
0.0365634597838
0.00700911320746
0.0443016290665
0.0178759712726
0.064358510077
0.0429106429219
2.81846904755
0.0709519907832
0.0102341445163
0.0215379334986
0.0107913156971
0.0172252357006
0.0129132457078
0.00809428934008
0.0234059095383
0.0140126580372
0.0246186275035
0.0315779000521
0.0163056161255
0.0389236919582
0.0145526016131
0.0183701515198
0.0415349118412
0.0148677183315
0.0551708079875
0.0179198496044
0.0768542289734
0.0251859966666
0.0117982802913
0.0271341055632
0.0387939587235
0.0436692908406
0.0180138461292
0.100423976779
0.0319450870156
0.0351123549044
0.0120969489217
0.0289694853127
0.0298275668174
0.0474831089377
0.0527615994215
0.0260953847319
0.0136821623892
0.0193496439606
0.0275077745318
0.0325861983001
0.0351467393339
0.0435511954129
0.058826033026
0.0215848535299
0.0808726325631
0.00749048450962
0.0117706572637
0.0598038397729
0.0218483991921
0.0334669277072
0.0464196316898
0.0252167880535
0.0211029164493
0.0189532600343
0.0387655831873
0.0613651871681
0.0473342314363
0.0131415287033
0.00550385564566
0.0579702742398
0.0810609087348
0.00779279926792
0.0296263527125
0.0158812645823
0.04114818573
0.0140807703137
0.0240940731019
0.0741670206189
0.0247153565288
0.0343701988459
0.00617702910677
0.00728007312864
0.0216376148164
0.0166985746473
0.0306779574603
0.140547856688
0.0244510713965
0.0320618152618
0.028231697157
0.0347174182534
0.0136241046712
0.0505768097937
0.073138743639
0.00678162369877
0.0523499213159
0.0398127548397
0.0192382168025
0.0273307394236
0.0375067442656
0.0398257225752
9.60891151428
0.0975743755698
0.0452806577086
0.0239424910396
0.010119589977
0.0573258250952
0.0156561527401
0.0129097495228
0.0177728738636
0.024200392887
0.0312399733812
0.125791281462
0.0211255811155
0.0348887443542
0.0417947508395
0.0335471667349
0.023169009015
0.043057590723
0.0352630093694
0.0329248942435
0.0227687843144
0.0404969714582
0.10972739011
0.0398965664208
0.0153189683333
0.0136892078444
0.0370931886137
0.0495006889105
0.0347331650555
0.0161739997566
0.0265120621771
0.0137580493465
0.0673459619284
0.031506896019
0.0257560703903
0.0459857210517
0.0198601651937
0.0238930340856
0.128568008542
0.0648432970047
0.0467304289341
0.0602563619614
0.0316911563277
0.0542908348143
0.0301996860653
0.0309613775462
0.0118292691186
0.026655934751
0.0758804678917
0.00941183418036
0.00567594589666
0.0346189364791
0.0440311469138
0.0376462303102
0.0478962101042
0.0359462052584
0.011053304188
0.0316048637033
0.0162902083248
0.0240759607404
0.00965372193605
0.0126243559644
0.0580253861845
0.0322375297546
0.0289376974106
0.0402448251843
0.0224855039269
0.116179801524
0.0216745976359
0.0240740086883
0.0231628790498
0.0599686726928
0.020701661706
0.0660475417972
0.0445888377726
0.020671159029
0.0350530445576
0.0428022928536
0.0381290763617
0.0411199331284
0.024827061221
0.0200398247689
0.0184875931591
0.0430299267173
0.024689456448
0.0400993749499
0.019015531987
0.0572820156813
0.0363833084702
0.104988820851
0.0482304804027
0.0100397570059
0.0311544835567
0.0179732330143
0.0195993669331
0.0297382269055
0.0419464558363
0.0138925630599
0.0228997841477
0.0227701533586
0.0345229282975
0.0322015210986
0.0416759029031
0.031619310379
0.00773953273892
0.0477462001145
0.0254528187215
0.0172137357295
0.129265606403
0.0170670598745
0.0387682318687
0.0200684983283
0.0347172133625
0.0338223464787
0.0296961218119
0.00940154958516
0.0194874331355
0.157875925303
0.0144017254934
0.0404695272446
0.0152572663501
0.0202360004187
0.0462401732802
0.120597958565
0.00959864538163
0.0336474813521
0.0167967863381
0.0365134850144
0.0247301831841
0.0259586535394
0.100669324398
0.0386070124805
6.34160804749
0.0154509143904
0.0194410607219
0.111269421875
0.0192152373493
0.0333469100296
0.0968137234449
0.0269467234612
0.00269903778099
0.0263846274465
0.0202050749213
0.053731624037
0.0746774226427
0.0426259897649
0.109287708998
0.00820588879287
0.038073040545
0.0135166002437
0.0285183582455
0.0316144637764
0.01976589486
0.0221822950989
0.0323091037571
0.0346760116518
0.016713084653
0.0207240208983
0.0169861819595
0.0131524764001
0.0365132912993
0.0388473905623
0.0182621777058
0.0165986530483
0.0420978739858
0.0960868820548
0.0208638403565
0.0316292531788
0.031233664602
0.0155479637906
0.0437656007707
0.0107646575198
0.0245303809643
0.0157893989235
0.0432653613389
0.0488289184868
0.0160044450313
0.0115914884955
0.0371122919023
0.0446173250675
0.0357454791665
0.00394594948739
0.0404903963208
0.133053004742
0.0572530142963
0.0362503379583
0.0240056570619
0.121177986264
0.0094005567953
0.0221417676657
0.0487566627562
0.0369265340269
0.0313193053007
0.0123858172446
0.0488556139171
0.0392755158246
0.0331672243774
0.0311971195042
0.00993988383561
0.0409164652228
0.0159253180027
0.0152518879622
0.0328883379698
0.0131508056074
0.0490750186145
0.051579400897
0.0719960331917
0.00935846846551
0.0486804135144
0.0221249964088
0.0206254385412
0.0183746665716
0.10739993304
0.0224398225546
0.0335860922933
0.0253276862204
0.020192604512
0.0187336970121
0.0194383654743
0.024989079684
0.0243213344365
0.00507837580517
0.0275076981634
0.0814969316125
0.0397862121463
0.048841252923
0.0223574694246
0.0168767459691
0.00663829222322
0.0410069338977
0.0296645853668
0.0187543258071
0.0387927703559
0.0253473315388
0.0558733344078
0.0973126515746
0.0453209318221
0.0377121455967
0.0282921027392
0.0124265924096
0.0721666365862
0.0798227861524
0.102194644511
0.0116921104491
0.0212915819138
0.0134544977918
0.00758005771786
0.0648478120565
0.012462134473
0.0331870913506
0.102130994201
0.0102236419916
0.0236685350537
0.0232346970588
0.00661615701392
0.0710144266486
0.0317016430199
0.0648496896029
0.0416222810745
0.0305759720504
0.0464076735079
0.0482300780714
