0.315515607595
0.36429476738
0.333444029093
0.346365898848
0.350685179234
0.316761285067
0.34266641736
0.325813323259
0.357654899359
0.309066981077
0.34940841794
0.363703072071
0.343758106232
0.324205189943
0.36485427618
0.314839035273
0.324271798134
0.325478374958
0.326901108027
0.302130430937
0.259289562702
0.319299548864
0.279735803604
0.29120233655
0.324437260628
0.236333072186
0.296387284994
0.263241171837
0.365495353937
0.255554378033
0.324129492044
0.324821472168
0.297080367804
0.275806128979
0.30605584383
0.305535942316
0.282085329294
0.293583422899
0.256837487221
0.25146317482
0.213541656733
0.281143277884
0.206777051091
0.276411294937
0.268157869577
0.202512428164
0.243845507503
0.206349670887
0.327218621969
0.186257302761
0.259255051613
0.243660569191
0.290591478348
0.222279548645
0.26163867116
0.275705873966
0.226942032576
0.268274515867
0.211794868112
0.221408113837
0.180535271764
0.271059393883
0.187345981598
0.22570027411
0.227887794375
0.173012509942
0.247960403562
0.16305282712
0.273258149624
0.160428628325
0.232225075364
0.189528524876
0.277027189732
0.182678237557
0.218901708722
0.234956219792
0.163379177451
0.28015717864
0.169099107385
0.198659494519
0.140221685171
0.25058144331
0.152345836163
0.196012213826
0.208533123136
0.126122146845
0.223561421037
0.16078260541
0.227463260293
0.106628268957
0.179677009583
0.165887996554
0.254191190004
0.173758506775
0.212103873491
0.221693098545
0.150437995791
0.234155327082
0.143182396889
0.184219926596
0.133958205581
0.250493139029
0.133769765496
0.172340124846
0.186500146985
0.122690476477
0.211878523231
0.154271274805
0.211371645331
0.097716756165
0.16973759234
0.138020798564
0.212776347995
0.143695518374
0.191817387938
0.169653996825
0.123576104641
0.198360577226
0.135224416852
0.176812529564
0.123042330146
0.21912920475
0.107843868434
0.149931296706
0.162789821625
0.109920680523
0.207609787583
0.136821120977
0.229133367538
0.0700984820724
0.142524331808
0.143145337701
0.209579542279
0.105311073363
0.154774665833
0.13199877739
0.129745453596
0.177852675319
0.132713243365
0.127361655235
0.117334984243
0.213257744908
0.108138807118
0.127294674516
0.161206305027
0.106960639358
0.223586589098
0.14692504704
0.197258844972
0.0705002397299
0.126990839839
0.139712303877
0.21079544723
0.105570308864
0.135892555118
0.124386325479
0.135134503245
0.14134812355
0.107480794191
0.137292549014
0.0756563395262
0.189565554261
0.0839500650764
0.110098794103
0.14864128828
0.0846612155437
0.163729324937
0.128008201718
0.17553807795
0.0564482137561
0.10594984144
0.105775430799
0.191118478775
0.0778790488839
0.117256857455
0.117445372045
0.108524665236
0.129350870848
0.127505391836
0.108963258564
0.0925728231668
0.188923627138
0.0820978134871
0.0777732506394
0.10558386147
0.083170928061
0.113881483674
0.127943009138
0.181073188782
0.0427022986114
0.10856539011
0.107448890805
0.161156326532
0.0924382507801
0.0897412598133
0.0880422666669
0.102143846452
0.0992452725768
0.101476170123
0.0923947095871
0.0766066163778
0.158603787422
0.0722185075283
0.0758693516254
0.107176430523
0.0762764587998
0.114865168929
0.121354863048
0.161212056875
0.0422976538539
0.0852777212858
0.108584702015
0.17367516458
0.0655764639378
0.0698980167508
0.090872168541
0.103885650635
0.102997876704
0.096829675138
0.0724207162857
0.0762588381767
0.155658617616
0.060855768621
0.0700741633773
0.112832449377
0.0670064091682
0.126991584897
0.0975632369518
0.137726172805
0.0415635630488
0.086696729064
0.103880666196
0.145704597235
0.0569925196469
0.0631627440453
0.0823536068201
0.0812197029591
0.0730816498399
0.0755841508508
0.0714072361588
0.0592850930989
0.145209625363
0.0540323145688
0.0516579225659
0.0854576528072
0.0761820450425
0.0798984244466
0.105826176703
0.146647021174
0.0301754437387
0.0802527815104
0.119639582932
0.13575091958
0.0452744737267
0.0602083355188
0.095761962235
0.0765190944076
0.0705083832145
0.0791955366731
0.0636546984315
0.0746033340693
0.11371140182
0.0445072390139
0.0578929409385
0.0783267840743
0.0809447541833
0.0922532379627
0.102068640292
0.126226037741
0.0274540297687
0.0933173522353
0.0930697694421
0.122139818966
0.0507798269391
0.0565922632813
0.0518093928695
0.0841164141893
0.083830088377
0.0434603542089
0.057203643024
0.0559963919222
0.111144013703
0.045062251389
0.0368332117796
0.0891389548779
0.102678753436
0.0810110718012
0.102915853262
0.141846045852
0.0242177918553
0.116377256811
0.0614434443414
0.126982808113
0.0649163499475
0.0449927374721
0.0601147301495
0.0780133977532
0.0574739426374
0.0535734333098
0.0611420795321
0.072334907949
0.140926718712
0.0763436704874
0.0795194581151
0.0878123044968
0.0647218450904
0.116209059954
0.0728240162134
0.109683103859
0.0516643188894
0.0638464167714
0.081009529531
0.126941621304
0.0389082357287
0.0484481416643
0.0500288903713
0.0760607942939
0.0780123025179
0.0984899923205
0.0647050142288
0.0710645467043
0.125188887119
0.0909431502223
0.0454926155508
0.0745164677501
0.0898469612002
0.0454276055098
0.0656074285507
0.130709916353
0.0258797537535
0.0684533640742
0.0956944227219
0.106302388012
0.0266115423292
0.0185739118606
0.0453070253134
0.0678027719259
0.0482679642737
0.0434625074267
0.0461959652603
0.0611428469419
0.0868285521865
0.0508678555489
0.0396696813405
0.0576269216835
0.0383547656238
0.0540546886623
0.0534231923521
0.104628197849
0.0251600015908
0.0646620988846
0.0408687703311
0.0907482802868
0.0630114153028
0.0198297351599
0.037109054625
0.0560729540884
0.0410511866212
0.0532073304057
0.0468386001885
0.0781401917338
0.0900543257594
0.0601748079062
0.0282531268895
0.0486217811704
0.0293843522668
0.0513277538121
0.0829216167331
0.0853428393602
0.021330691874
0.0565186329186
0.0524951666594
0.130161225796
0.0201845485717
0.0322448052466
0.0357839427888
0.0445587150753
0.0305592883378
0.0240586381406
0.0284337569028
0.0650934800506
0.0805498361588
0.0356663167477
0.062097966671
0.0595992840827
0.0343331545591
0.0376754254103
0.059905897826
0.0874755531549
0.0161703135818
0.0509144775569
0.0419649146497
0.0806381553411
0.0171458180994
0.0152053972706
0.0447268374264
0.0485286042094
0.0370965003967
0.033659812063
0.0529178716242
0.0539544858038
0.0684575587511
0.0441411137581
0.016150990501
0.0279105566442
0.0232367683202
0.0351613387465
0.0622259750962
0.0751376524568
0.0190535336733
0.0635931789875
0.0260839052498
0.0670905187726
0.049512822181
0.016687752679
0.038698002696
0.0438369475305
0.0271463468671
0.034831173718
0.0373911224306
0.0654396116734
0.0701077654958
0.0469986498356
0.0152073930949
0.0485711619258
0.025424785912
0.0290315989405
0.0841647461057
0.0591268986464
0.0105387624353
0.0487695150077
0.0565646402538
0.0549453310668
0.0268866177648
0.0156599469483
0.0377023033798
0.0705271065235
0.022879704833
0.0293896831572
0.031641241163
0.0671905726194
0.0748599395156
0.0392391942441
0.0147992921993
0.0439277850091
0.0191876888275
0.0663897544146
0.0385694988072
0.102123826742
0.0155442776158
0.038994602859
0.0485370494425
0.0727763175964
0.0220541674644
0.015580072999
0.0257905628532
0.060964718461
0.0171682015061
0.0198394693434
0.0298934970051
0.0751044526696
0.0494123063982
0.0408735722303
0.0358640812337
0.034241065383
0.0126318680122
0.0359602496028
0.037811588496
0.0486724004149
0.011433632113
0.0328227169812
0.0250327661633
0.0524221919477
0.0121873905882
0.0250874534249
0.0261358488351
0.0484182350338
0.0251774452627
0.0419288538396
0.0318780615926
0.0326144099236
0.0646526515484
0.033382691443
0.0169570129365
0.0372612550855
0.0118367504328
0.0372497104108
0.0236696414649
0.0478313267231
0.014705256559
0.0450750626624
0.0253378842026
0.0819061398506
0.0133438631892
0.0123311318457
0.0215636137873
0.0387724749744
0.0151208881289
0.0287083163857
0.0344742573798
0.0433935597539
0.0329617001116
0.063618272543
0.010936181061
0.0272419918329
0.0337420515716
0.0202659890056
0.0239744819701
0.0435585044324
0.00750532699749
0.0204173475504
0.0169355459511
0.0582682751119
0.0208774935454
0.00380118493922
0.0170390531421
0.0355960689485
0.0155080584809
0.0227858684957
0.0312286559492
0.047635320574
0.0404390469193
0.0346784181893
0.00681810965762
0.0211192723364
0.00761819677427
0.0182302892208
0.0298704300076
0.0386316031218
0.0099416654557
0.0243579372764
0.0228611826897
0.0502992197871
0.0105216074735
0.00340090412647
0.0167417116463
0.0444091036916
0.00577525654808
0.0131303770468
0.03041972965
0.0526902861893
0.0406475365162
0.0266989190131
0.00517605012283
0.0210230182856
0.0149126518518
0.0165338460356
0.0154255712405
0.0381032787263
0.00483373785391
0.0154856787995
0.0230627823621
0.0589962378144
0.00947891082615
0.00312611064874
0.0199094936252
0.0378022156656
0.0228107683361
0.0127292647958
0.023865846917
0.0347170457244
0.0363527387381
0.0230763163418
0.00793604087085
0.0131425941363
0.0117091899738
0.0168482363224
0.00626971013844
0.0197874493897
0.00637248484418
0.0182024016976
0.0128730470315
0.0331401489675
0.00796868186444
0.016818780452
0.0255586635321
0.0310613997281
0.0165504347533
0.0164107084274
0.0216014292091
0.0304043032229
0.026700174436
0.032080091536
0.0068062110804
0.0249171275645
0.00558128580451
0.0178852081299
0.0177196916193
0.0213671252131
0.0127567863092
0.0177879221737
0.0071155061014
0.0244123116136
0.0156470984221
0.00499547179788
0.0197643321007
0.0358348079026
0.00877648033202
0.0081296255812
0.0166830141097
0.0435108058155
0.053785149008
0.0183017738163
0.0102088721469
0.0184078086168
0.00650528026745
0.0189609341323
0.0245271101594
0.0257155243307
0.00796305853873
0.0195666532964
0.0162102822214
0.0516772344708
0.0147776454687
0.0038643553853
0.00859794113785
0.0347655564547
0.00546699343249
0.0212159398943
0.0214552842081
0.0398122444749
0.0275020543486
0.0315151326358
0.00705912709236
0.0123665202409
0.00879605859518
0.0086986226961
0.0104516996071
0.0148147987202
0.00478226924315
0.0105551192537
0.026203610003
0.0329736992717
0.00447001447901
0.00399307208136
0.0129633527249
0.0451978184283
0.0146318813786
0.00629839487374
0.0176517851651
0.0270058326423
0.0269882902503
0.0118933618069
0.00722800847143
0.0157258398831
0.00386032275856
0.0325661413372
0.0229774583131
0.00950055103749
0.00574788125232
0.016533844173
0.00780877145007
0.0470975004137
0.01460953895
0.00511315930635
0.0168336536735
0.0314664877951
0.0042787278071
0.0136013841256
0.0149919521064
0.0257301647216
0.0283020734787
0.0118130715564
0.00641412474215
0.0155001850799
0.00741075957194
0.0173389986157
0.00981554109603
0.0321577787399
0.0162039548159
0.0179299153388
0.0144923189655
0.0247839447111
0.0109136868268
0.0026455479674
0.0159469619393
0.0333091132343
0.00726360874251
0.0460759438574
0.0170573014766
0.0356316417456
0.0211451724172
0.0132368672639
0.00895429216325
0.0269601475447
0.0158514156938
0.0114630134776
0.0144401481375
0.0101413344964
0.00723360106349
0.0241559371352
0.0145887797698
0.0368117801845
0.0185467265546
0.010123886168
0.00821200851351
0.0273728389293
0.0166166443378
0.0195528548211
0.0293887704611
0.0369573198259
0.0317986309528
0.0115416459739
0.0101990411058
0.0118888700381
0.00417261943221
0.0114336935803
0.0109831504524
0.0123657211661
0.00926414411515
0.0258054006845
0.0159773640335
0.0356671214104
0.0310863088816
0.0129960654303
0.00921809207648
0.0358512848616
0.0183110497892
0.0115033462644
0.021759191528
0.0264451708645
0.0219137873501
0.0113307563588
0.00476388679817
0.00463282363489
0.00548421032727
0.0222421139479
0.0141197405756
0.0268762726337
0.00379880541004
0.0220783483237
0.0127418413758
0.0278557091951
0.00403903005645
0.00386640825309
0.0271829832345
0.0255004316568
0.00957299675792
0.0178963579237
0.0160396620631
0.0467148311436
0.0181052312255
0.0139873297885
0.0152638787404
0.0123587017879
0.00562453269958
0.00946065597236
0.0133925843984
0.00549846049398
0.00401144474745
0.014806211926
0.00717290630564
0.0265689138323
0.00858741719276
0.00378517853096
0.0244132429361
0.0305449254811
0.00570973102003
0.0120721831918
0.022154841572
0.0309642963111
0.0228208750486
0.0133640738204
0.0149476286024
0.00978433061391
0.00891845021397
0.021605251357
0.0129471626133
0.012541805394
0.00714349094778
0.00922417454422
0.00551174813882
0.0442218780518
0.004554531537
0.00936709716916
0.00862873718143
0.0377655662596
0.00342639326118
0.00878457166255
0.0157137382776
0.0359497182071
0.0237661357969
0.00353277684189
0.0109867565334
0.0052311331965
0.00552114890888
0.0152485109866
0.00950117781758
0.00677193468437
0.00122445949819
0.00742409285158
0.00417847372591
0.0122850583866
0.00215517100878
0.00430970545858
0.00449625402689
0.0266648307443
0.00602121790871
0.00494194542989
0.0169381462038
0.026581177488
0.0227442849427
0.00300048501231
0.00908518303186
0.0130186397582
0.00957504753023
0.0080760428682
0.00455555040389
0.00815633591264
0.00445144670084
0.00673975562677
0.00923958886415
0.017317680642
0.00213460950181
0.00380426039919
0.0176317300647
0.0222075078636
0.00517707690597
0.00357445515692
0.0153927272186
0.0250178910792
0.00845822319388
0.0114660887048
0.00716149946675
0.00492732878774
0.00700923241675
0.0104777086526
0.00995989143848
0.00300275278278
0.00308347749524
0.00830473564565
0.00641463790089
0.0232606865466
0.00590652832761
0.000795402855147
0.00747161125764
0.0266605466604
0.00455022370443
0.0163577571511
0.00759220216423
0.0359357707202
0.016488397494
0.00128379522357
0.002627505688
0.00954819004983
0.00172956020106
0.0023224374745
0.00675225490704
0.00490770908073
0.0036352192983
0.00677175354213
0.00500096566975
0.0256838165224
0.0152031956241
0.000853344798088
0.00626562954858
0.0390634648502
0.00212308368646
0.00743951834738
0.0134691474959
0.0256678648293
0.0153119312599
0.00617890898138
0.000668943335768
0.00243685161695
0.00617017643526
0.0129955839366
0.00159085227642
0.0079358369112
0.00258732982911
0.00847526546568
0.00781978946179
0.0359731055796
0.00571433966979
0.00253140088171
0.0103281838819
0.0180268418044
0.0138231022283
0.00515470374376
0.0109158502892
0.0103009007871
0.0220260154456
0.00418361462653
0.00807821471244
0.00626636389643
0.00154399685562
0.0604765564203
0.00681256270036
0.00391434086487
0.00260614533909
0.00358224473894
0.00502610951662
0.0294891782105
0.00699868286029
0.00546314427629
0.00531616806984
0.0154337221757
0.0027886191383
0.01422369387
0.0260225981474
0.0308489818126
0.0185003578663
0.00894725136459
0.00161038676742
0.0138838663697
0.00401980476454
0.00826181471348
0.00328017631546
0.0276684984565
0.00841719284654
0.0216400586069
0.00623532803729
0.0246830675751
0.00256815715693
0.00924573652446
0.00538538908586
0.0134777240455
0.00734926108271
0.00134077563416
0.0140928095207
0.0209887754172
0.0124065559357
0.00822582188994
0.00169738545083
0.0050313603133
0.00437569618225
0.0051242900081
0.0053613758646
0.000852960627526
0.00340422173031
0.00668769609183
0.00125297007617
0.0145114948973
0.00550966477022
0.000228653880185
0.00323666562326
0.0184455066919
0.00681279459968
0.0103593962267
0.0127163566649
0.0121823977679
0.00799980387092
0.000481879978906
0.000385202147299
0.00871557090431
0.00364923081361
0.00822073593736
0.00385399279185
0.00257850112393
0.00339888385497
0.0051077757962
0.00146844575647
0.0111945318058
0.00166282965802
0.000369878602214
0.00855915807188
0.0136378537863
0.00403842655942
0.00358390412293
0.0152923446149
0.0173657294363
0.0083190780133
0.00126340228599
0.00131728209089
0.00412676949054
0.017616532743
0.00528650311753
0.00629443535581
0.00531149469316
0.00388772459701
0.00424617296085
0.00188354309648
0.0122651923448
0.00366478785872
0.00815373472869
0.0100372377783
0.0194743704051
0.00554679892957
0.0100949518383
0.00958807673305
0.0215096995234
0.00778445228934
0.00581058766693
0.000978829455562
0.00358613207936
0.0019129399443
0.00557229481637
0.0188528876752
0.00195031135809
0.00253208051436
0.00614034757018
0.00943826977164
0.0139128230512
0.00269899237901
0.000463313044747
0.00785981118679
0.0151279093698
0.00467496970668
0.00873791612685
0.0108926668763
0.00731014553457
0.00899520236999
0.000827670795843
0.00188249745406
0.00627879798412
0.0024647153914
0.00375296687707
0.000397485942813
0.0024079720024
0.00134088273626
0.00578455813229
0.00122037343681
0.0235706586391
0.00134428718593
0.000797151122242
0.00449595507234
0.0152939744294
0.00648782169446
0.00160824751947
0.01021102909
0.01555904001
0.00610571959987
0.00082026218297
0.00192031799816
0.00410667713732
0.00189851527102
0.00286406301893
0.00382816581987
0.00204324000515
0.00162951205857
0.00368128949776
0.00142175983638
0.0050142086111
0.0028964667581
8.20363056846e-05
0.00554506201297
0.0150269009173
0.00243289931677
0.00551918521523
0.0143486978486
0.0112000452355
0.00606907252222
0.000932558556087
0.00223189499229
0.002843252616
0.000646068365313
0.00254711951129
0.000723588629626
0.00050350103993
0.000824063259643
0.00998582597822
0.00228669657372
0.0176506321877
0.00626438809559
0.00157605914865
0.00490115163848
0.00506565347314
0.00465365173295
0.0105378441513
0.00814113114029
0.00965139828622
0.00320218107663
0.00108955532778
0.00155388517305
0.00977160036564
0.000132790242787
0.0097767719999
0.00561408093199
0.00111252709758
0.00127750600222
0.0109358886257
0.00892585143447
0.0254579838365
0.00661250716075
0.00223010662012
0.00197957502678
0.0274722762406
0.0116070751101
0.00557126523927
0.0206407606602
0.0321246273816
0.0077371369116
0.0015937788412
0.00391855370253
0.00322523992509
0.00619835127145
0.0105378497392
0.00443330779672
0.00472578685731
0.0079878680408
0.00959448516369
0.00377402734011
0.021676113829
0.00554977310821
0.0
0.0156506560743
0.0126852728426
0.0141253713518
0.00697570526972
0.0130564020947
0.0133472597227
0.00705865910277
0.00205326918513
0.00351667613722
0.00402435986325
0.00384365371428
0.0057987482287
0.00155400857329
0.00591517239809
0.000455730070826
0.00367406010628
0.00954800844193
0.03789716959
0.00905243866146
0.00143481546547
0.00466148229316
0.0166457220912
0.00213238480501
0.00838065613061
0.00908830668777
0.0124337607995
0.0123768607154
0.0117725515738
0.0034936950542
0.00698433862999
0.00201604468748
0.00274359364994
0.00699671497568
0.0202289689332
0.00242711207829
0.0126137156039
0.00052090670215
0.0204418860376
0.0137982638553
0.0011371356668
0.0104509685189
0.010461570695
0.00334097794257
0.0047155241482
0.0103023247793
0.00804395414889
0.0107466159388
0.000660863996018
0.00170031818561
0.00375814479776
0.00188663415611
0.000564432819374
0.00305596995167
0.00208456651308
0.00237260502763
0.00597037794068
0.00428593857214
0.0151092428714
0.00418889150023
0.00730551313609
0.00677689351141
0.00964058469981
0.00528968591243
0.0177381075919
0.0200716666877
0.0154807362705
0.00547748943791
0.0056777857244
0.00115458515938
0.01230115816
0.000896130979527
0.00439304625615
0.00218194979243
0.00366092100739
0.0012212889269
0.00392083404586
0.000663801853079
0.0133803393692
0.0041170977056
0.000300878135022
0.00118441600353
0.00808544363827
0.0011031627655
0.0144905894995
0.0128855938092
0.0234882421792
0.00997465662658
0.0012960039312
0.0033040496055
0.00424431497231
0.00138646317646
0.0061830538325
0.00687850546092
0.00173347874079
0.00736099295318
0.00463102431968
0.00351177109405
0.0308138616383
0.00258335797116
0.000494137406349
0.00321391504258
0.0102767013013
0.00863870512694
0.00354028353468
0.00852632615715
0.0112988092005
0.0050934292376
0.00036160601303
0.000563904759474
0.000595022167545
0.00847174692899
0.0013880074257
0.00151289871428
0.00170996889938
0.00066793122096
0.00750208506361
0.00456043845043
0.00554176745936
0.00126992235892
0.000351425202098
0.00383949046955
0.00864666420966
0.000182577539817
0.00206605461426
0.00794545467943
0.0059564053081
0.00583434989676
0.00402797572315
0.00458052102476
0.000732562853955
0.000463145610411
0.000174145767232
0.00150960648898
0.00303272320889
0.000751315499656
0.00626963702962
0.000839215063024
0.0135291693732
0.000975089787971
0.00103934807703
0.00831029843539
0.0153569253162
0.000633989169728
0.00501891598105
0.00534322857857
0.0178176537156
0.00737291760743
0.00151597079821
0.000362116377801
0.00251390761696
0.00168312597089
0.00297107850201
0.00109968450852
0.00397232640535
0.00185434496962
0.00328529602848
0.00299598113634
0.0170332994312
0.00622202409431
0.000479039474158
0.00201619649306
0.0117757348344
0.00440698629245
0.00522174779326
0.00442522997037
0.00335724791512
0.00944419205189
0.00198655785061
0.00233439076692
0.00289219734259
0.00381761998869
0.0101970536634
0.00720506487414
0.00314091495238
0.000863516295794
0.00378705025651
0.00388809712604
0.0152331311256
0.000210279627936
0.000505347619765
0.00352316000499
0.0136398971081
0.000879972067196
0.00224701082334
0.0148470513523
0.00533405924216
0.0177463050932
0.0017020147061
0.000891223025974
0.00397030310705
0.00699626980349
0.00247875601053
0.00148791400716
0.00078483344987
0.00305767357349
0.0082352347672
0.000940260593779
0.0174221489578
0.00557641265914
0.00285514630377
0.00383879593574
0.00864450167865
0.0536736175418
0.00239796726964
0.0126768331975
0.0283117163926
0.0216352306306
0.0251717548817
0.00167948799208
0.00343659357168
0.0749466717243
0.00299264211208
0.0083419540897
0.00282588857226
0.00412238948047
0.0550167970359
0.0109325041994
0.0214772485197
0.0121380882338
0.0132937403396
0.0107510834932
0.0268999133259
0.0086564803496
0.0123809175566
0.01829736121
0.0260018613189
0.0120974164456
0.00264230673201
0.00103098060936
0.0218493975699
0.0137928836048
0.0097814258188
0.0401580035686
0.0343499295413
0.00577229261398
0.0263784211129
0.00820069387555
0.0283847525716
0.00479898741469
0.0017434915062
0.00558567419648
0.00888567976654
0.00777247129008
0.00106346560642
0.0108306333423
0.0110825039446
0.00497614173219
0.000629160611425
0.0129612628371
0.00629935413599
0.000846166862175
0.0101478761062
0.00762819359079
0.00196872814558
0.000621116661932
0.0126744098961
0.00465993816033
0.00541614554822
0.00678958836943
0.000958526390605
0.009052448906
0.00694770272821
0.00246355962008
0.00081601657439
0.0228982102126
0.0039571034722
0.0253627914935
0.00452716741711
0.00484126107767
0.0016200854443
0.0013551422162
0.00346977566369
0.0356928259134
0.00199694093317
0.00640464806929
0.0030957297422
0.000600884261075
0.0146482530981
0.00122989038937
0.0106317140162
0.00372049747966
0.012192226015
0.000907286186703
0.00610834360123
0.0115982014686
0.00741624878719
0.00947589147836
0.00892192218453
0.00894146412611
0.00447454210371
0.00705516571179
0.00169418251608
0.00492239790037
0.00516384327784
0.000185209675692
0.00530368601903
0.0199662875384
0.00753482151777
0.000250606710324
0.00055772124324
0.00863072089851
0.0120404763147
0.00538584822789
0.00467232894152
0.00637088436633
0.00932249333709
0.00826292671263
0.00330114341341
0.0120509723201
0.00655668694526
0.00305684842169
0.00431173294783
0.00151068484411
0.00181436294224
0.00147658667993
0.00449826661497
0.00171248579863
0.00418397085741
0.0011477539083
0.00681931106374
0.00229894067161
0.0123496875167
0.00161101669073
0.0106131704524
0.0153520386666
0.00266017299145
0.0034150518477
0.00611011404544
3.36488956236e-05
0.00176643207669
0.00385436275974
0.00274165254086
0.003042957047
0.00416266033426
0.00476486841217
0.00216319295578
0.00168507848866
0.0126268463209
0.00771445035934
0.0164295770228
0.00681096455082
0.00932310707867
0.000415921007516
0.0140934260562
0.00651180371642
0.0102706160396
0.00633165705949
0.00229031709023
0.00292238639668
0.00483864359558
0.00333384936675
0.00103742338251
0.0029688605573
0.00237243273295
0.00119992427062
0.00152395048644
0.0010484844679
0.00462450925261
0.000643408973701
0.00411743717268
0.000732404470909
0.00858007837087
0.00530193001032
0.00638974644244
0.00657042581588
0.00195045780856
0.000762481358834
0.00061656156322
0.00029201421421
0.00427708728239
0.00355158164166
0.00433601485565
0.000287742470391
0.0012108386727
0.00550517486408
0.00196001376025
0.00394611433148
0.0181141905487
0.00133767805528
0.000376254989533
0.000146315476741
0.00341986585408
0.00650762440637
0.00438635330647
0.00986379105598
0.0133768431842
0.00558328442276
0.00225925655104
0.00256331590936
8.7183980213e-06
0.00024496158585
0.00651784893125
0.0013199452078
0.00098363449797
0.000880029518157
0.00501711480319
0.00093369820388
0.00641070026904
0.00382787291892
0.000114944843517
0.000313754833769
0.0112121598795
0.000393970520236
0.0105064623058
0.00593043072149
0.000834544072859
0.0023086478468
0.000233539365581
0.000439629598986
0.00163525121752
0.00144087697845
0.00127008277923
0.00537714734674
0.00460730679333
0.0015143416822
0.00365471816622
0.00130910554435
0.00716862827539
9.48856977629e-05
0.00343926879577
0.00263092154637
0.00548694608733
0.00815732963383
0.002230318496
0.0053135342896
0.00705332309008
0.00253659323789
0.00164868601132
0.000861407956108
0.00212306110188
0.00888033024967
0.000607687281445
0.000234893610468
0.00196231435984
0.000136928923894
0.00383472442627
0.00271707517095
0.00446692295372
0.00135532300919
0.00571582093835
0.00501116830856
0.0206866841763
0.000893335789442
0.000288045353955
0.00694181676954
0.00774617772549
0.0037257631775
0.00121994572692
0.0
0.00115207885392
0.00547953741625
0.000948453729507
0.0026603799779
0.000997037277557
0.000708666280843
0.00273971282877
0.00100071891211
0.00642971228808
0.000469787715701
0.000211856982787
0.000193852989469
0.0099758990109
0.00107664847746
0.00368316448294
0.00545968068764
0.00391377089545
0.00203150324523
0.00173719867598
0.0
0.0026775796432
0.00289175636135
0.00558084435761
0.000757286790758
0.00579803762957
0.000201700910111
0.00178255117498
0.00318172597326
0.00593138765544
0.000949131150264
0.00271190772764
0.000356905249646
0.00239861500449
0.00300676189363
0.000231234924286
0.00314084696583
0.000212939528865
0.001171931508
5.87249851378e-05
0.00244072661735
0.000316732708598
0.000158267313964
0.00299690291286
0.00360891176388
0.000245959323365
0.00244464958087
0.00785959325731
9.1309841082e-05
0.00576628325507
0.00215180008672
0.000146894395584
0.00187389471103
0.00893609039485
0.00272066891193
0.000155292887939
0.00453947437927
0.00567616568878
0.00130806921516
0.000289594579954
0.00160494633019
0.000328614376485
8.58920320752e-05
0.000231784753851
0.000180548624485
0.000175678258529
0.000139633033541
0.001443959889
0.00235123443417
0.0338552109897
0.000914111034945
0.00142633519135
0.00360074569471
0.00485643837601
0.000611686904449
1.39253879752e-05
0.0133603969589
0.0144106401131
0.00614794204012
0.00420786440372
0.00102279882412
0.00451934989542
0.00158513756469
0.000676567782648
0.0069472710602
0.00208820984699
0.0029329014942
0.00620681094006
0.00548107735813
0.0143677610904
0.00134941691067
0.000109488377348
0.00423743203282
0.00953215546906
0.00420398497954
0.000562633620575
0.0082129817456
0.00615135906264
0.0173283163458
0.000196688168216
0.00289049535058
0.000982388388366
0.000463986012619
0.000267075636657
0.000230292178458
0.000607454916462
0.00155106943566
0.00240162946284
0.000216171334614
0.0071945679374
0.00177262269426
0.00099551177118
0.00547202164307
0.00440494762734
0.000285276968498
0.00181593978778
0.0151252644137
0.0120578175411
0.00218072813004
0.000481735245558
0.0
0.000931893009692
0.0039796596393
0.00326785002835
0.00165382749401
0.00654453504831
0.00106120388955
0.000989906024188
0.000488172867335
0.00637363083661
0.000143525816384
0.00520438095555
0.000504974916112
0.00811280682683
0.00354648986831
0.0160984918475
0.00604824675247
0.00468047196046
0.0012483894825
0.00101123459172
0.0
0.0014550430933
0.000255646009464
0.00731023773551
0.00718891341239
0.000129221691168
0.00411586649716
0.00173427851405
0.000918545003515
0.00655996799469
0.00183284340892
0.000483023468405
0.0031224405393
0.0115842688829
0.00188418687321
0.00272108148783
0.00228316662833
0.00981467776
0.00576550187543
0.00423544133082
0.00613216077909
0.00106148270424
0.000887234695256
0.0100143775344
0.00188572530169
0.0047336211428
0.00235493318178
0.021801488474
0.0104278624058
0.0412184596062
0.00416325964034
0.0173938907683
0.00920722167939
0.00906548928469
0.00127988832537
0.0226959679276
0.00572808459401
0.00217684987001
0.00906346458942
0.000183199095773
0.00158690486569
0.0116154709831
0.00871802307665
0.00324322166853
0.0257360003889
0.00237131048925
0.00589163368568
0.00212713959627
0.0157793965191
0.00576883880422
0.0160917639732
0.0126907955855
0.0086127622053
0.0112648047507
0.0116633558646
0.00335475592874
0.0104857049882
0.013948337175
0.0106568215415
0.00146597344428
0.00672371080145
0.00126045627985
0.00394832529128
0.00641146162525
0.00353241642006
0.0294346623123
0.00103662512265
0.0313426218927
0.00158038747031
0.00365588697605
0.000532129837666
0.000501140893903
0.00899918563664
0.0109224263579
0.00350147089921
0.00161384767853
0.00288063380867
0.0181806720793
0.0270244907588
0.0114952595904
0.00225123181008
0.00481439661235
0.000780836679041
0.000394426722778
0.0169330295175
0.00205315905623
9.99192488962e-05
0.00903107877821
0.00257745757699
0.0279109328985
0.000396181363612
0.00117963179946
0.00126910570543
0.00143514398951
0.00231880741194
0.00678029004484
0.00244586355984
0.00593791063875
0.0137632433325
0.00012227112893
4.42335431217e-06
0.000733157561626
0.00150764884893
0.00319207389839
0.00157720781863
0.00594168389216
0.00432052649558
0.0124299870804
0.0170146673918
0.00114201218821
0.000708936539013
0.00017364017549
0.00545257143676
0.00662442529574
0.00128197146114
0.000890665512998
0.0152479140088
0.00707044638693
0.00978221185505
0.00230299914256
0.00103710591793
0.000954242073931
0.00941327121109
0.00494473008439
0.00118570984341
0.00315036438406
0.0200100056827
0.00157850421965
0.0012495466508
0.0251363720745
0.00175074208528
0.00192937196698
0.00130602612626
0.00362833100371
0.0021440316923
0.00823993980885
0.00180859223474
0.0144308265299
0.0108017027378
0.00381399691105
3.84023660445e-05
0.00479259807616
4.48625651188e-05
0.00433548958972
0.0129941729829
0.00720600504428
0.00859869085252
0.00431614648551
0.00183212244883
0.00331592932343
0.000777225650381
1.595460526e-05
0.00143480813131
0.00521662179381
0.004663371481
0.00223879469559
0.0066498205997
0.00558689469472
0.010898206383
0.000316570076393
0.00643024686724
0.0127537380904
0.0102974222973
0.00729368627071
0.0221494380385
0.00620290031657
0.000362883816706
0.013711056672
0.0015795462532
0.0290597770363
0.0178382862359
0.00561026390642
0.0183371212333
0.0164786763489
0.0023477463983
0.00283540599048
0.00385225145146
0.0228704269975
0.0416911095381
0.0178744234145
0.000543177302461
0.0018286597915
0.0049808784388
0.00235292850994
0.00381928100251
0.00349778286181
0.00585290649906
0.0178413428366
0.0115346405655
0.00211275904439
0.000196262291865
0.000192012637854
0.0192278567702
0.00353241874836
0.00475038681179
0.00442454079166
0.0133913317695
0.0133674647659
0.0193019509315
0.000129627340357
0.0104267001152
0.015644531697
0.00104829389602
0.00672088004649
0.000829574652016
0.000864991510753
0.00188260909636
0.0018754331395
0.00162025808822
0.011333566159
0.00250677485019
0.0113938078284
0.00913266744465
0.0106081459671
0.0112815098837
0.00278007099405
0.013043823652
0.0105469357222
0.00254063657485
0.00333751691505
0.0129911424592
0.00828448310494
0.00184160284698
0.00497057009488
0.00832051225007
0.00828578788787
0.00500136148185
0.00775843951851
0.0018123658374
0.162559062243
0.0
0.00566279608756
0.0149823846295
0.0153568675742
0.00688158674166
0.0518882535398
0.0246170703322
0.0153333423659
0.0110750263557
0.0014881856041
0.00162586348597
0.0277396570891
0.00660053594038
0.00275452295318
0.0313138775527
0.0588600672781
0.0122234933078
0.00812372006476
0.0058187362738
0.0128301894292
0.0171391610056
0.000381472345907
0.0196223538369
0.0162779521197
0.0399370677769
0.0052613154985
0.00900786183774
0.0257309023291
0.0345167703927
0.0109340529889
0.00163519673515
0.0229633171111
0.0126132946461
0.0172350145876
0.00366222462617
0.0188171900809
0.00298418244347
0.0245662238449
0.0170778632164
0.0359997004271
0.000625622225925
0.000379353645258
0.0135025270283
0.0243403371423
0.0108803445473
0.0193578228354
0.00987743958831
0.0145604126155
0.0179908853024
0.00362090487033
0.00366218620911
0.00198764191009
0.0151288667694
0.000862413493451
0.00176978611853
0.0126540372148
0.00329988333397
0.0224228110164
0.00168143166229
0.00355258770287
0.00157343619503
0.000919177080505
0.00707847671583
0.0147636597976
0.0883330330253
0.0132236555219
0.0116491504014
0.00547709362581
0.026195526123
0.0257315300405
0.0126762101427
0.00251181516796
0.00237536244094
0.0122283082455
0.0169310308993
0.0988912284374
0.014629506506
0.020328566432
0.0482558086514
0.0525549799204
0.0066468375735
0.00187582627404
0.060229331255
0.0357846319675
0.00445735594258
0.032997213304
0.0313681736588
0.06655087322
0.0138042746112
0.00204685307108
0.00423014583066
0.0197212975472
0.0436081513762
0.033789858222
0.00804111082107
0.0339894741774
0.00389200262725
0.0287558864802
0.012870201841
0.0391992516816
0.00256736134179
0.0189564786851
0.0122010465711
0.0216329563409
0.007272482384
0.00747106783092
0.0368841066957
0.0239702407271
0.0417660661042
0.00610784674063
0.0197261180729
0.00128199730534
0.0101463599131
0.000841914326884
0.0297550838441
0.00872293394059
0.000264923379291
0.0415628403425
0.00612072460353
0.0185947418213
0.0284321084619
0.0073693250306
0.0199860259891
0.0166771896183
0.00147805490997
0.0113164093345
0.0244826693088
0.0174535438418
0.0132088614628
0.0344135165215
0.0194450747222
0.0199965052307
0.0109988311306
0.00418454967439
0.0692403316498
0.00354686751962
0.00321202771738
0.0261720940471
0.0266937501729
0.0350581519306
0.00609852885827
0.00613112002611
0.0168357677758
0.0164265427738
0.00212678336538
0.0051496848464
0.00675124162808
0.0302089769393
0.0141040990129
0.00347554963082
0.00203204131685
0.0105916354805
3.63906874554e-05
0.00282238400541
0.00785505399108
0.000696680450346
0.00319403363392
0.00799495074898
0.0234415158629
0.0113482996821
0.00177536439151
0.0047410922125
0.00514048431069
0.0120547208935
0.00232465262525
0.00308175594546
0.0154609559104
0.00726606231183
0.00401730788872
0.00111305864993
0.000270171294687
0.00175838102587
0.00524461269379
0.00512960273772
0.00155454990454
0.000526306277607
0.00739267515019
0.00595302181318
0.00238662818447
0.00149692257401
0.00300965202041
8.8311797299e-05
0.00107604952063
0.00764526892453
0.00182714860421
0.00205438188277
0.00347157008946
0.00724438251927
0.00466794660315
0.000829258060548
0.00240667816252
0.00599688477814
0.000677856965922
0.00247253105044
0.00146999873687
0.00388970086351
0.000132491579279
0.00088596821297
0.0034280824475
0.00414886604995
0.00412460556254
0.00291877053678
0.0108302459121
0.0143941259012
0.000557877472602
0.00437549734488
0.0047446154058
0.000673450005706
0.00275095901452
0.00736027397215
0.00486768921837
0.00425761612132
0.00270559475757
0.00305922958069
0.000864840229042
0.000143761833897
0.00534621672705
0.00103689171374
0.00388837698847
0.00107741251122
6.53728056932e-05
0.00231866724789
0.00208428315818
0.00645537720993
0.000425159203587
0.00302250334062
0.000908303016331
0.0118102570996
0.0111066587269
4.05109167332e-05
0.00150199490599
0.00254202494398
0.00167140900157
0.00070772820618
0.000749424041715
0.000431580119766
0.000261194974883
0.000255666207522
0.00124666676857
0.00171656580642
0.00267359428108
2.22366288654e-05
0.000153185086674
0.00197065994143
0.00164036313072
0.000117491996207
0.00132455374114
0.00313230091706
0.00426128366962
0.000105181883555
0.00260260817595
0.0027372459881
0.000150997890159
0.00311874994077
0.000413304398535
0.00137509789784
0.000752968771849
0.00116398418322
0.00107134436257
0.00109485047869
0.0
0.000352583418135
0.000751269399188
0.00371357542463
0.00147838378325
0.000371886999346
0.00331723317504
0.00166519044433
0.00481937872246
0.00013821227185
0.0
4.04583770433e-05
0.000665857165586
0.000760198337957
0.000665901927277
0.000912152754609
0.000407884828746
0.00056544324616
0.000365601212252
0.00152063171845
0.000270593271125
0.000824275426567
2.46465206146e-05
0.00731646735221
0.0015640858328
0.00494342204183
0.00246914825402
0.000831319601275
0.0011261953041
0.00021338420629
0.000217540145968
9.61313853622e-05
0.000346397340763
0.000166194484336
0.0102220913395
0.000100107048638
0.0042027249001
0.00120556959882
0.00155859894585
0.000197381348698
0.000535144004971
0.00549004040658
0.000633707561065
0.000170059764059
0.00138711405452
0.00286565138958
0.00469866907224
0.0215063858777
0.00494961487129
0.000124359183246
0.000302752800053
0.00600970908999
0.0106434319168
0.000574705947656
0.0224167797714
0.000941391277593
0.00291897007264
0.00322161545046
0.00244719954208
0.00449109729379
0.000406859384384
0.000263105379418
0.00168444134761
0.00232801446691
0.00111230486073
0.000858551764395
0.0040114345029
0.0121673690155
0.00393861345947
0.0011332082795
0.00184085813817
0.00245350715704
0.000242987138336
0.000484620162752
0.00557981012389
0.000394009286538
0.000621188839432
0.00573601666838
0.00276538054459
0.000396520161303
0.000160247058375
0.00331890420057
0.00165077194106
0.00921159144491
0.0
0.00172754738014
0.00716815236956
0.0116271777079
0.00149243907072
0.0043921424076
6.73426184221e-05
0.000578220526222
0.00340698380023
0.00709659978747
0.00311327772215
0.000696965027601
0.000194106411072
0.00108814949635
0.000977247254923
0.000948666071054
0.000435119087342
0.000806857307907
0.00863014347851
0.00498333480209
0.000993116525933
0.00514441821724
0.00164163089357
0.00133177312091
0.00273654679768
2.73996520264e-05
0.00183058518451
0.000495269312523
0.00200632517226
0.00525066489354
0.00041183855501
0.000536819163244
0.000786367629189
0.00466989912093
0.000443907512818
0.00955243874341
0.000416266964749
1.96721066459e-05
0.00524598220363
0.00016243106802
0.00028817736893
0.00040360740968
0.00705738039687
8.2462131104e-05
0.00266484846361
7.02350780557e-06
0.00246334285475
0.0047989343293
0.00225070351735
0.000965267361607
0.00115439016372
0.0017845564289
0.000253201957094
0.00226873671636
0.00147238222416
0.00266492995434
0.000163118704222
0.000139205090818
0.000313963566441
0.000610132177826
7.09601736162e-05
0.00375020015053
0.000412916677305
0.0115491906181
0.00200990913436
0.000151104628458
7.97982211225e-05
0.000548872281797
0.000440917676315
0.000462024530862
0.00178216083441
9.19403319131e-05
0.000725620833691
0.0013712013606
0.000534629216418
0.0
6.93302717991e-05
0.0
0.0011619651923
0.00722351158038
0.00163073127624
7.47746889829e-05
0.0048291082494
0.000525405630469
0.000666879117489
0.00020308191597
0.000342960818671
0.00163520744536
0.000173886262928
0.00109103729483
6.20337450528e-05
0.000182899369975
0.000135669950396
0.00101693684701
0.000128822401166
0.000249175180215
0.000154383305926
0.0
0.000209121237276
0.00503170629963
0.0
0.00139097485226
0.0035795525182
0.00165369152091
0.000587571819779
0.000217479668208
0.0
0.0015325837303
0.00417035073042
0.0
0.0001521382801
9.11289680516e-05
2.10321722989e-05
0.000452408072306
0.000638741941657
0.00711678899825
0.000311574636726
2.28302724281e-05
0.00440770806745
9.24007545109e-05
0.00030889332993
0.00010113427561
4.60745468445e-05
0.00123873539269
0.000823930837214
8.84134442458e-06
0.0
0.000806289725006
0.00174068054184
0.000650734757073
0.00103163765743
0.0024152728729
5.89080154896e-05
0.000699020805769
0.00079183926573
0.00244091940112
3.14154422085e-05
0.000186965669855
0.000669476750772
0.00930460169911
7.2090238973e-05
3.39714897564e-05
0.00021333215409
0.00163372745737
0.00148703483865
0.0
0.000476896908367
0.00128336437047
0.000227156429901
0.000685564766172
0.00880592968315
0.0
1.3533784113e-05
0.000966336112469
0.00552966026589
0.0153314694762
0.000274783844361
0.000286736263661
0.000175635272171
0.00871066190302
0.000475854700198
0.00238948035985
0.0029669017531
0.00118440692313
0.000821714464109
3.09304527946e-06
3.62292994396e-05
0.000250663812039
7.24827841623e-05
0.00114564236719
4.78124202345e-05
0.0
0.00116354832426
0.00522400764748
0.00300349900499
0.018596669659
1.25026608657e-05
0.000154615292558
6.16181932855e-05
0.002813301282
0.00147663604002
0.000342668790836
0.00737218093127
0.0103369951248
0.00117689825129
0.0274842958897
0.00196726247668
0.0038788607344
0.00332087487914
0.00438470998779
9.98219256871e-05
0.00342289265245
0.00134905101731
0.000564645219129
0.00508472975343
0.00777647644281
4.17432565882e-05
0.0
0.000622638966888
0.00346016720869
0.00346513860859
0.0146875446662
0.00680432328954
0.000185937562492
8.48653944558e-05
1.48728349814e-05
0.0010945610702
0.00176604115404
0.00143728894182
0.00450430903584
0.00614940421656
0.000933211005758
0.002202170901
0.000877234502696
0.000545833085198
0.000712189474143
0.0148238912225
0.0
8.54083409649e-05
0.000403288810048
0.000761445320677
0.00651190429926
0.000326635199599
1.08785134216e-05
0.00898099597543
9.7343348898e-05
0.00365369161591
3.4998764022e-05
0.00143450323958
1.78683549166e-05
0.0128566930071
0.00271422066726
3.11432304443e-05
0.000754538865294
0.00029682755121
0.00148572982289
6.26650435152e-05
4.95220083394e-05
0.0103011475876
0.00430697994307
0.000285442278255
0.000487264740514
0.000144220917718
4.73954059999e-05
0.00379879819229
0.0
0.000391299487092
0.00267686299048
0.0
0.00042004941497
7.57881862228e-05
0.00325658312067
0.000116612565762
0.00138938729651
0.00128186424263
1.36374674184e-05
0.00019716793031
0.000183695854503
0.00162806501612
0.00322538521141
0.00215102359653
0.00191584788263
0.00508337654173
0.000852641300298
0.00399846117944
0.000952821632382
0.000410410517361
0.00113127485383
0.000133617329993
0.00781349185854
0.00401650881395
1.14467711683e-05
0.000141862765304
0.00382737466134
0.00564592564479
0.00174885045271
0.00212646392174
0.00114965857938
0.000442687625764
0.00110151118133
0.00139386870433
0.00045851294999
0.00146646623034
0.0069634616375
0.00120383000467
0.00261272187345
0.000116632356367
0.00370523962192
0.00168354588095
5.2549472457e-05
0.000881121028215
0.00140253733844
0.0017779202899
0.00089058507001
0.000106519306428
0.0383230186999
3.58490211738e-07
0.000154235080117
0.0
0.0163333620876
0.0
0.00477800937369
0.00128289905842
0.00307646440342
0.00221620826051
0.00734289968386
0.00554932374507
0.00735000194982
0.000171193983988
0.00100663222838
0.00444736843929
7.35836656531e-05
0.00456019118428
0.00141886936035
0.000686499697622
0.0208195783198
0.000159183007781
0.00305196363479
0.00295160454698
0.00507381930947
0.000112586290925
0.0060188206844
6.55494513921e-05
0.00389578659087
0.00225571729243
0.0137884914875
0.00122589850798
0.000754546490498
2.28031967708e-05
0.0114398030564
0.0106297973543
4.32196102338e-05
0.005515281111
0.00359922717325
0.00169644679409
0.00582644389942
0.000156693713507
0.000737459107768
0.00521999690682
0.00680346926674
0.0027635791339
0.00218511512503
0.0022098957561
0.0182680245489
0.00963895581663
0.0204000826925
0.00844210479409
0.000441682524979
0.0109395766631
0.00430042110384
0.0126066189259
0.00259032472968
0.00447278888896
0.0123280165717
0.00195660535246
0.000152945227455
0.00404358562082
0.00134469615296
0.0134241981432
0.0194732584059
0.00107107590884
0.0106210000813
0.00452650850639
0.0218236949295
0.00772802485153
0.00692726811394
0.00037547791726
0.00715401163325
0.00763696338981
0.00133828958496
0.00722055416554
0.00934115704149
0.0037271711044
0.0176676735282
0.00961058866233
0.0160977374762
0.00324668292888
0.0040151164867
0.0423649512231
0.0328809171915
0.0139310145751
0.0107954628766
0.00214617559686
0.00324893835932
0.0101598706096
0.00274071493186
0.00136771274265
0.004800431896
0.000121509401652
0.00504838628694
0.00210793246515
0.00774937449023
0.00648267846555
0.00190237315837
0.00303133204579
0.0171891525388
0.00571491150185
0.0067873513326
0.00797456130385
0.00256552360952
0.00420009531081
0.0055371010676
0.00201619067229
0.00209071696736
0.00785235781223
0.00396889308468
0.00501866685227
0.000674264505506
2.91473024845e-05
6.85741588313e-06
0.00961082242429
0.0195491146296
0.000623227620963
0.00727911479771
0.00940470956266
0.0101763466373
0.00193970208056
0.000497046217788
0.000111942936201
0.0110900439322
0.000248338619713
0.00326352054253
0.0025761607103
0.0194672159851
0.00147732847836
0.00189019716345
0.00256476737559
0.00356582272798
0.00693992478773
5.92046344536e-05
0.00114239449613
0.00373983453028
0.00916702020913
8.60073851072e-05
0.000226310934522
0.00925015192479
0.000106074643554
0.00108014862053
0.00697802286595
0.00137360673398
0.00672604283318
0.000388002750697
0.00277078757063
0.00150906085037
0.00294778938405
0.00232693832368
0.00143829104491
2.38320353674e-06
0.00160297600087
0.00173940625973
0.00382066098973
0.00104797352105
0.000414124835515
0.000656925141811
0.00134057214018
0.0031378576532
0.00072994234506
0.000133774228743
0.000340990925906
0.0121987862512
6.2042287027e-05
0.0
0.00316118565388
0.00239327247255
0.00632848916575
0.00108499859925
0.000303234090097
0.0117647405714
0.00277575477958
0.0088627608493
0.00265564094298
0.00466630840674
0.00693544186652
0.00660526705906
0.00023199467978
0.0206175595522
0.000965618819464
0.00496197585016
0.0100491410121
0.0272852797061
0.00191716791596
0.00831539183855
0.00777001818642
0.00535060046241
0.0031063137576
0.00538404937834
0.0141461193562
0.0011994310189
0.000578826467972
0.00369608821347
0.00447399681434
0.0182340685278
0.00179624627344
0.00431358162314
0.00726440595463
0.00295455707237
0.00732409860939
5.97468133492e-05
0.000863954599481
0.0230905879289
0.000681566481944
0.000143401266541
0.000744727731217
0.0188244767487
0.0187728889287
0.00770797906443
0.000869033159688
0.0016746125184
0.00188465847168
0.00173121131957
0.0399309135973
0.000277121405816
0.000286726251943
0.00325373699889
0.00419473554939
0.012457318604
0.00202172296122
0.0
0.00312324194238
0.00495304726064
0.000149144878378
0.00738099450245
0.00140863424167
0.0062549887225
0.00168246484827
0.00364087545313
0.0
0.00516512989998
0.00273023056798
0.00243200315163
0.00158727308735
0.000119150172395
0.0104802986607
0.00020958953246
0.000843549438287
0.0101753138006
0.0103200003505
2.49098302447e-05
0.000717243878171
0.00668243179098
0.00117181125097
0.000630182446912
0.00512812891975
0.00369584630243
0.00628770235926
0.0218324325979
0.000571250682697
0.000548205513041
0.00217754440382
1.64125758602e-05
0.00196746527217
6.800112169e-05
0.00128214352299
0.000298808037769
0.0029228720814
0.0132824769244
2.713363574e-05
0.00825822353363
0.000605965207797
0.00606943527237
0.000861710112076
0.000526444637217
0.00175386597402
0.00277068954892
0.00129629124422
0.0
9.90013577393e-05
0.00296102860011
0.0
0.000434216548456
0.00387107813731
0.000500761845615
0.000209536738112
0.000359771889634
0.000959722732659
0.0140660945326
0.0
6.86058265273e-05
6.6657635216e-06
4.67914433102e-05
2.510423883e-06
0.000478046044009
4.11510409322e-05
0.00334252673201
9.33682022151e-05
2.19335265683e-06
0.000921551021747
0.000582560955081
8.16976680653e-05
0.00134405528661
0.000274923047982
0.00440771318972
0.000169374863617
7.33887864044e-05
0.000368351495126
0.0011960065458
0.0
0.00030821148539
0.000292328884825
0.000365315849194
0.00082195806317
0.000241009431193
0.00148691225331
1.73312819243e-05
0.000426648621215
0.0
0.000631189846899
0.000199751244509
0.00154871225823
0.00492974324152
0.0
0.00116999738384
0.000583486980759
0.00121052877512
0.00141665257979
3.09072811433e-06
2.48020860454e-05
0.0
0.00206736545078
0.00104697863571
0.00421008653939
0.00275150546804
0.00309368548915
0.000245478848228
0.00278713786975
0.0
0.000232411199249
0.000893767399248
5.40956352779e-06
0.00740482332185
0.00120780500583
0.000300645217067
7.57767193136e-05
0.000539640488569
0.00018595776055
0.00153717549983
1.5193044419e-05
0.0
7.29959065211e-05
0.00148484401871
0.00558394752443
0.000232249149121
0.000557006627787
0.00108797173016
0.000652646063827
0.00199629901908
0.00353864650242
0.00676103495061
2.82395944851e-07
0.000892106443644
0.00242443592288
0.0
0.00098261772655
0.0001013317451
0.000223550916417
0.00606735143811
5.7790774008e-05
0.0
0.00362585438415
3.09921015287e-05
6.32136798231e-05
0.00355305988342
0.000181766445166
0.00827765464783
0.00557683967054
0.00104589341208
1.26085797092e-06
0.00104289851151
0.0
0.000166021360201
0.0097745321691
4.08148025599e-07
2.79355936073e-05
0.000153215252794
0.000305618857965
0.0106719005853
0.0
0.000947093241848
0.0037258407101
0.0016193932388
0.000475819717394
0.0017507087905
0.000424188649049
0.0102078570053
0.00108752702363
0.0
0.000852131983265
0.000543706933968
0.0
0.00461371568963
0.00436411751434
0.000237539090449
6.83926409693e-05
0.00184645236004
0.000191158978851
0.0160541795194
0.000711127824616
0.00106242718175
0.0
0.000450877676485
0.0
0.0123302228749
0.0012489532819
0.00176097499207
3.39824691764e-05
0.00305755017325
1.13121177492e-05
0.00109350751154
0.00314080668613
7.35774010536e-05
0.00274467561394
0.00458025187254
0.00149786041584
0.000480530899949
0.00202776468359
0.000692301837262
0.00294210202992
0.00422416441143
1.5299563529e-05
2.75227648672e-05
0.000513391103595
0.000386390835047
6.4061357989e-05
0.00384803232737
0.00224750651978
0.0
6.27827394055e-05
8.33988524391e-05
0.00106810743455
0.00268912594765
0.000849905307405
0.000485050171847
0.000349227630068
0.00430104602128
0.00029299777816
0.00258363247849
0.000123187273857
0.000120956312458
6.11037685303e-05
0.00391208007932
0.000471758568892
0.000809661927633
0.00198423187248
0.000221685186261
0.00114807125647
0.0
7.80142909207e-06
0.000241137924604
1.5556560129e-06
0.000280476931948
0.000232132020756
2.83334466076e-05
0.000502927810885
0.00112931104377
0.00056475045858
0.00239021796733
4.15066324422e-06
7.25446734577e-05
0.000375407165848
0.00176819541957
0.000441625510575
0.0
1.4623311472e-05
5.62961904507e-05
7.18779847375e-05
0.0
0.000188017773326
0.000258542713709
9.93766007014e-05
0.000494971871376
0.00115880905651
0.00283025624231
0.000314701785101
0.000416249909904
0.00218064687215
0.00053890136769
0.0
0.0
2.74448229902e-05
0.0012605447555
0.0
0.000562804751098
0.000695993483532
0.00205625942908
0.000448142294772
0.0
0.000148512786836
1.71011140537e-06
0.00213700952008
0.000783430994488
8.98240705283e-06
0.0
1.63928780239e-05
0.0
0.000342934479704
0.00268726260401
2.20113270188e-05
0.0
0.000350784655893
0.00130730506498
0.0019494809676
2.20720285142e-05
0.000118960197142
0.000174132190295
0.000372480339138
0.0
0.0
0.000790790014435
0.0
0.00188395299483
0.00025826509227
0.0
0.002638831269
0.0
0.000189090729691
0.00183580000885
0.0
0.0
0.000114100934297
0.0168204456568
0.00138872803655
6.01605643169e-05
5.94976227148e-05
0.000255888386164
0.000760397408158
7.51896441216e-05
0.000391649809899
1.10292976387e-05
0.000913132738788
8.76369667822e-05
0.00158464012202
7.60894472478e-05
2.62750290858e-05
0.000691449851729
0.000287049188046
0.00187693792395
0.0
0.000624724372756
0.000361749320291
0.0053478423506
0.000819393899292
0.0
0.00584611017257
8.88033391675e-05
0.000228266348131
0.0
1.92079623957e-05
5.39571374247e-05
0.000978305703029
0.00175095279701
0.000211071732338
5.48833304492e-05
1.68546193891e-05
0.000110902525194
0.000222729388042
0.00350640434772
0.0
2.14177762246e-05
6.77423013258e-05
0.0111138597131
0.0
3.52056340489e-05
0.000614932388999
8.26845498523e-05
0.000780772243161
1.16099727165e-05
0.000242382971919
0.00190553802531
0.0
0.00153429608326
0.00102536205668
0.000313243712299
2.91252672469e-05
0.00298747885972
0.0043166661635
2.42242058448e-05
0.0
0.0
0.000818346161395
0.0
0.00186340406071
0.0
0.00264920177869
1.85972494364e-05
0.000404321763199
5.61369633942e-05
0.0
0.0026317264419
0.0
0.000100421952084
0.0111719183624
0.00292580202222
0.000971027067862
0.00063766061794
0.0114378072321
0.00273617194034
0.00573311373591
0.0
0.00487365340814
0.00408920459449
0.0223515648395
0.00341646722518
0.00308756320737
0.00979152973741
0.0252244956791
0.00449828058481
0.00568944308907
0.0104506704956
0.00399953359738
0.00679792277515
0.0190315004438
0.00725804176182
0.000448315462563
0.0219637472183
0.0488116294146
0.00170025182888
0.0043387315236
0.0122193312272
0.000371745700249
0.00307818013243
0.000155886038556
0.00733797624707
0.0100395316258
0.0153053961694
0.0108432434499
3.86930805689e-05
0.000959753990173
0.0036140952725
0.0
0.00614814832807
0.000138149000122
0.000184096526937
0.00261449953541
0.00158689846285
0.00480070663616
0.0111425407231
0.0
0.00215831841342
0.0155992340297
0.00469876127318
2.73389214271e-05
8.69531359058e-05
0.00261876755394
0.000390475790482
0.00106901815161
3.10999894282e-05
0.000966386054642
0.00507570430636
0.0
2.44184357143e-05
0.000399263226427
0.00429391255602
0.0
0.000994655536488
0.000454283086583
0.0105082774535
1.12051907308e-06
1.55717134476e-05
0.00164272158872
0.00039217696758
0.00101975048892
0.000161373012816
0.000624383159447
0.00285927974619
0.000343601132045
0.0
0.00516195548698
0.000560336222406
0.000111299043056
5.70774209336e-05
0.00160487287212
0.0
0.000154343128088
0.000974392343778
0.00155178504065
2.15460681829e-06
1.31288197736e-05
0.00165613368154
0.00102754565887
0.00806238595396
0.000101286284917
0.00378246931359
0.00558236194775
0.00283912802115
0.00249370490201
0.00195478787646
0.000836430292111
0.000678820884787
1.18976931844e-05
0.00212231394835
0.000161218675203
0.0171031299978
0.0
4.71504317829e-05
0.00029350220575
0.00471533276141
0.000105450482806
1.60068939294e-05
6.4284860855e-05
0.00873770192266
0.000265041395323
0.00628186808899
7.57398593123e-05
0.00695255771279
0.000713473826181
4.16141629103e-05
0.00034962274367
0.000993047258817
0.000177594949491
0.000222569477046
0.00608631968498
0.000179841066711
0.00109531218186
0.00030871652416
0.00453354278579
0.0368350818753
0.00490487320349
0.0101473964751
0.00532380538061
0.0304333642125
0.00570517918095
0.00183800060768
0.0033684077207
0.0110152075067
0.0281033013016
0.00145379523747
0.00292009674013
4.74762819067e-05
5.29044591531e-05
0.00458751944825
0.00438586808741
0.00205833138898
0.000151905667735
0.00191612215713
0.0103683220223
0.0339491851628
0.0075423498638
0.00347665837035
0.00837995763868
0.0187081694603
0.00711684394628
0.0111382883042
0.00318525545299
0.0181851666421
0.00891756918281
0.014438775368
0.00224903831258
0.0224209632725
0.055480260402
0.0660610571504
0.000805599731393
0.0533553026617
0.000843560497742
0.0274429395795
0.00920859910548
0.0374080017209
0.00414107367396
0.00968094728887
0.0123848803341
0.0268838945776
0.00522825913504
0.0447599999607
0.00362488580868
0.0176504012197
0.0315358936787
0.000151054555317
0.0190142765641
0.00276809651405
0.000120400058222
0.000745847064536
0.00345903122798
0.0149959176779
0.000237931162701
0.0333428159356
0.0167244169861
0.0108287455514
0.00178753666114
0.000831920828205
0.00389239145443
0.0170925613493
0.0025021082256
0.00618733838201
0.0135197164491
0.00306151458062
0.011665453203
0.00160339754075
0.000418923475081
0.00447663944215
0.00433139968663
0.00894274935126
0.0080398330465
0.000940560654271
0.00062592769973
0.00145599734969
0.00445735966787
0.0234920121729
0.00233527878299
0.0124450260773
0.00894997827709
0.0194994416088
0.00132437364664
0.000295183330309
0.016122803092
0.00908728595823
0.00555866677314
9.7800821095e-06
0.00370826339349
0.0125688314438
0.0
0.0130274323747
0.0315962433815
0.0297992937267
0.0165327545255
0.0314731039107
0.000199349175091
0.0109330611303
0.0264055021107
0.0159836094826
0.0161809604615
0.0194210186601
0.00205621356145
0.018845455721
0.0362381525338
0.0115856891498
0.00526483356953
0.00895474292338
0.0315781608224
0.0105550186709
0.0175112970173
0.0217715129256
0.0194780882448
0.00297893304378
0.00405521597713
0.0160060133785
0.0032490559388
0.0562616959214
0.00793529860675
0.0146779865026
0.0305873900652
0.0541348978877
0.0137618770823
0.0175855141133
0.0509900972247
0.000894332653843
0.00272651691921
0.0159520693123
0.00784931331873
0.0272837672383
0.00125430047046
0.00941621139646
0.00742434617132
0.0140790920705
0.000958872318733
0.000498444889672
0.00694646639749
0.00916255638003
0.0225387942046
0.00324201257899
0.00778784882277
0.0321006961167
0.000810094876215
0.000213607709156
0.00396681157872
0.00942163914442
0.0108161568642
0.00247398531064
0.00178482243791
0.0149340853095
0.000277310697129
0.0105068366975
0.0119104543701
0.0236150901765
0.00191182282288
0.00522160343826
0.0128178335726
0.00159828248434
0.00547667779028
0.00483296345919
0.00543376943097
0.00723525229841
0.000404279329814
0.00984815321863
0.010706034489
0.00670095579699
0.0270700994879
8.67549097165e-05
0.00202228175476
0.0122739812359
0.00187578541227
0.000591383257415
0.00566158117726
0.0104950144887
0.001486838446
0.00259655062109
0.0138019900769
0.00713153555989
0.000900765415281
0.000141396507388
0.0050418144092
0.0173729080707
0.000144656922203
0.00520092388615
0.000868538860232
0.011895888485
0.00710092717782
0.0079621039331
2.50551402132e-05
0.00313290511258
0.00646686321124
0.00189014687203
0.00940196681768
0.00058367929887
0.00137179240119
0.00119264633395
0.00715476647019
0.0167006868869
0.0
0.00148945394903
0.00665900111198
0.0197384078056
0.000413191883126
0.00320003251545
0.00643541151658
0.00264502735808
0.00138118013274
0.000254680810031
0.00149932573549
0.00895252171904
0.000137282375363
0.00351910619065
0.00266090570949
0.0137647390366
0.00353899411857
0.00283556221984
0.00139104470145
4.64774493594e-05
1.83060765266e-05
0.005571115762
0.000792597187683
0.0142298676074
0.0
0.00680500455201
0.00114976975601
0.00337759056129
0.000687608262524
0.000665436789859
0.00452445354313
0.00310776336119
0.0
0.00173048337456
0.00347394915298
0.00441885972396
0.0
0.000801637244876
0.000651031848975
0.00381341460161
0.000683551304974
0.00183443282731
0.00238905358128
0.0119425235316
0.000122816316434
0.000522608926985
0.000494749634527
0.00189985183533
0.00112708134111
1.15711736726e-05
0.0
0.000711754488293
0.0
0.00160402944311
0.0
0.000505120959133
0.00142291455995
4.93310517413e-06
0.00209337798879
0.00111573759932
0.000261934794253
0.000190666047274
0.00619617477059
0.0068468619138
0.0
0.00123203604016
0.000598781567533
0.000647534790915
0.000109947162855
0.000419452146161
0.0001057982372
0.000275863159914
0.0
4.23702567787e-06
0.000560423592106
0.00130573415663
0.00408750446513
0.00020312234119
0.000128552070237
0.000157260074047
1.68037495314e-05
7.42599331716e-06
0.0
0.0153133068234
0.000577202066779
0.000648310524411
0.00495435623452
0.000117258008686
0.00086703238776
0.0
4.98730223626e-05
0.000891391246114
0.0
0.000734758272301
0.00392872095108
0.000168570302776
0.000141125798109
0.000131586028147
8.17909021862e-05
0.00297816935927
4.67804020445e-05
0.0
0.000675359158777
0.00694921752438
0.000477575114928
0.000681812874973
0.000420548545662
0.00368026737124
0.00130186614115
0.0
0.0
0.000219030844164
0.0
9.38680386753e-05
0.0
6.16441757302e-05
0.00511765526608
8.98245489225e-05
0.000504389638081
0.00135458575096
0.0
0.0
0.00533592002466
0.000192011095351
0.00190509762615
0.00716846203431
0.011105498299
0.0010558438953
0.000438056740677
1.03053480416e-06
0.0
0.00145910982974
0.0
0.000746865349356
0.000898809114005
0.0
0.00412519741803
8.1449679783e-06
2.99043385894e-05
0.000927721674088
1.58063376148e-05
0.0
0.00118781917263
0.00843007769436
0.0
0.0013811805984
0.000455178931588
0.000541951158084
0.0008851425373
0.000202293071197
0.000591954798438
0.000206146927667
8.16148894955e-05
0.00278619443998
0.000576416263357
0.0
0.0
7.49761748011e-05
0.000320832972648
0.000159876581165
0.0
0.000198181136511
0.0
0.00109619495925
0.0
0.000436345202615
0.000760406779591
9.2142727226e-06
0.00280191935599
0.00117977045011
0.00154979818035
0.00325582432561
0.0
0.000369539338863
0.000113219502964
0.0
0.000128981511807
0.000666878768243
4.60949522676e-05
9.30937403609e-06
0.0
0.0
0.000878762744833
0.000342905317666
9.87869680102e-06
0.000686973333359
0.000696326314937
0.00392292160541
0.00164152914658
0.0
3.22161249642e-05
2.16148100662e-06
1.25485457829e-05
0.000133802022901
0.000451110710856
1.40018628372e-05
1.36527969516e-05
0.0
0.00412228424102
0.000120743730804
0.0011606233893
0.0
0.000230756253586
0.00299365865067
0.000303807202727
0.00413473276421
0.00127663882449
0.00119759701192
8.3579456259e-05
0.0
0.000160202806001
0.00119770376477
0.0
2.04634070542e-05
0.00158512080088
2.4416598535e-05
0.000986761879176
0.000148150022142
0.00012648338452
2.60865022028e-06
0.0
0.0
0.00128543260507
0.000973769288976
0.0
0.000557594699785
0.00442827958614
0.00152192206588
3.94406633859e-05
0.0
0.0
0.00023558131943
7.63627667766e-06
0.0
0.000686055398546
0.0
0.000267117226031
6.79841177771e-05
0.00359235610813
0.000328067369992
0.0
0.0
0.00186214793939
0.00364639563486
9.94476795313e-06
0.0
0.00182403367944
4.08817368225e-06
0.000112405075924
0.0
0.000296334910672
0.00121622160077
0.000121315591969
0.000691919703968
5.72163044126e-05
0.0
0.000223154303967
0.0
2.47270818363e-05
6.95057087796e-06
0.0
0.0
0.0005272179842
0.000963708036579
3.99869859393e-05
0.0
0.00118535838556
0.000269505253527
3.66294916603e-05
0.0
0.0
0.000231120327953
0.0
0.000327209825628
0.000164087090525
0.0
0.000861138105392
0.000404046440963
9.62586418609e-05
0.00282456795685
5.28252021468e-05
0.0
9.24554697121e-05
3.47486711689e-05
0.00026836770121
0.0
5.09380406584e-05
0.000139386596857
0.00011397626804
8.62645101734e-05
0.0
0.000661089783534
0.0
0.000102333338873
0.000232748890994
0.0
0.0
0.000486587639898
1.86864872376e-05
0.00594605924562
0.0
0.000583612883929
0.0
0.000122510668007
0.000358612334821
0.0022185088601
0.0013761522714
0.0090748956427
0.0052863326855
0.000126394501422
0.0
0.000290107156616
0.0
0.00101605860982
6.08318805462e-05
0.000733734224923
1.56061560119e-05
0.0
0.00353958294727
0.00220774416812
3.33799812324e-06
0.0
2.84924080916e-05
0.0
0.00015185889788
9.46426443988e-05
0.000333876203513
0.000490924285259
0.00171820179094
1.79447943083e-05
2.1824704163e-05
0.000298889848636
0.00225541251712
3.20283584188e-06
0.00132612499874
5.74831901758e-05
0.000127279679873
0.00227580289356
0.00014268643281
0.0
0.000195511689526
0.0
1.02108169813e-05
0.000345648993971
0.00122656440362
0.000609709182754
0.000280214066152
0.000396373885451
0.000970505236182
6.03289336141e-05
0.0
0.00163256295491
0.0
0.000102322163002
1.29914296849e-05
4.92528488394e-05
4.56387933809e-05
4.91469036206e-05
0.000238318039919
0.000447448546765
0.000329820875777
0.0
0.00484485505149
0.000980365672149
8.17018735688e-05
0.00144992792048
0.0
1.32108116304e-05
0.000393719587009
0.0
0.000226943811867
0.000600993575063
0.0
7.65026343288e-05
3.14372664434e-05
0.0
0.0
0.000177992216777
0.000991927459836
0.000389776541851
3.38078389177e-05
0.0
0.000300646701362
0.0
0.003103552619
0.0
3.57981152774e-05
0.00592383323237
0.000340224418323
0.0
0.0
8.08253171272e-05
0.00112899055239
0.000742485513911
8.42766239657e-05
0.0
0.00051838089712
0.00122210616246
0.00674162385985
0.000534998776857
0.0
0.0
5.8688219724e-06
0.0014043119736
0.0
0.0
0.000849047733936
0.000128915271489
1.9381974198e-05
7.75144362706e-05
0.000622333376668
0.00013324021711
0.000181286828592
0.0
0.000211986771319
0.0
5.371934094e-06
0.0
2.49409986282e-05
0.000409610685892
2.97606547974e-05
3.94701928599e-05
9.30536862143e-06
0.00432528695092
0.0
0.000159064977197
3.85453568015e-05
0.000121950310131
0.00237866188399
1.22801739053e-05
0.0
0.0
0.0
0.000772005121689
0.00162741204258
0.000984866637737
0.0
0.000236392806983
0.00144665781409
0.000261596171185
0.0
2.5190614906e-05
9.53887683863e-06
0.0260849948972
6.85442209942e-05
7.71532868384e-05
0.0108055723831
0.000171834384673
6.38948258711e-05
0.000264888396487
0.0
4.9799476983e-05
0.0
0.000148832128616
0.00159575988073
0.0
0.00113733520266
0.0
5.26580915903e-05
1.16311139209e-05
0.000162868309417
2.94280998787e-05
0.000321009487379
0.00111244642176
7.79324036557e-05
5.14689918418e-06
0.0030304135289
0.00112607318442
0.000452443026006
0.0
0.0
0.0
0.0
0.0
0.0
0.0
0.0
0.000117329436762
0.0
0.000103892030893
0.0
0.0
0.000111386754725
0.0
0.00139061338268
0.0
0.000213702063775
4.55993504147e-05
0.000298886239761
0.0
0.0
0.00023626962502
0.0
0.0
0.0
0.0
0.0
0.0
7.5222356827e-05
0.000512397615239
0.0
0.000114306807518
0.000638175872155
1.24102261907e-05
0.0
0.000357277313014
0.000252671190538
0.000125534279505
0.000256512023043
7.42107367842e-05
0.0
0.0
0.0
0.00069392984733
0.000323133805068
0.0
0.0
0.000113895002869
0.00059566978598
0.0
4.12817371398e-07
9.29595353227e-06
0.0
0.00111333746463
0.0
0.0
9.01524326764e-05
